3.724961564019533267e-01 6.275038435980466733e-01
7.877125340849664425e-01 2.122874659150333909e-01
5.116372258434772613e-01 4.883627741565228497e-01
1.191862351369500639e-01 8.808137648630499639e-01
6.166322213832636789e-01 3.833677786167364321e-01
3.911217490895474991e-01 6.088782509104526675e-01
7.838178176511841899e-01 2.161821823488157823e-01
2.858864639473980840e-01 7.141135360526021936e-01
5.621756567640389113e-01 4.378243432359611997e-01
2.974791061899432210e-01 7.025208938100567790e-01
4.413090337809816854e-01 5.586909662190182591e-01
7.703529685406357297e-02 9.229647031459364825e-01
8.883680315407809225e-01 1.116319684592190636e-01
9.892715740580339256e-02 9.010728425941968434e-01
5.000000000000000000e-01 5.000000000000000000e-01
8.645397046503938698e-02 9.135460295349605575e-01
3.584774395020124405e-01 6.415225604979876151e-01
6.966376015521649201e-01 3.033623984478352464e-01
2.007391572043688566e-01 7.992608427956308104e-01
6.046873667861424329e-01 3.953126332138575671e-01
4.436741248660280856e-01 5.563258751339720254e-01
4.018655432555131024e-01 5.981344567444870641e-01
4.032632222778592679e-01 5.967367777221408431e-01
1.890524032554841138e-01 8.109475967445159972e-01
5.986621256800181978e-01 4.013378743199818577e-01
1.840307939381368718e-01 8.159692060618634057e-01
2.886560757162195401e-01 7.113439242837802379e-01
5.659388880057016902e-01 4.340611119942983653e-01
5.935778165639150200e-02 9.406422183436085049e-01
7.803418811246686237e-01 2.196581188753312652e-01
5.000000000000000000e-01 5.000000000000000000e-01
5.552144668915330872e-01 4.447855331084670238e-01
3.127678252278467408e-01 6.872321747721532592e-01
4.289155894974280847e-02 9.571084410502573858e-01
4.361803164216592754e-01 5.638196835783407801e-01
5.944040614891762248e-02 9.405595938510824539e-01
1.511614279749590173e-01 8.488385720250409827e-01
7.931146672175294621e-02 9.206885332782471787e-01
1.785877427195094180e-01 8.214122572804908318e-01
3.404085011512053560e-01 6.595914988487944219e-01
2.894172559585692084e-01 7.105827440414308471e-01
3.378070586223871352e-01 6.621929413776127538e-01
1.189916748793090756e-01 8.810083251206909383e-01
1.029505819883019813e-01 8.970494180116977967e-01
5.823388029003137012e-01 4.176611970996862433e-01
3.141624078088236377e-02 9.685837592191177681e-01
8.443321333351645058e-03 9.915566786666485388e-01
5.556914076572153638e-01 4.443085923427845807e-01
2.006688740125228410e-01 7.993311259874770203e-01
3.553109441319364792e-01 6.446890558680634653e-01
5.633225777899271147e-01 4.366774222100726632e-01
3.547350877982892170e-01 6.452649122017108940e-01
1.840564969469215273e-01 8.159435030530786115e-01
5.371637327413356644e-01 4.628362672586642246e-01
4.366050552602535606e-01 5.633949447397463839e-01
4.457552114704876889e-02 9.554244788529510091e-01
3.127642744394202867e-01 6.872357255605799908e-01
4.982255378056325845e-02 9.501774462194366722e-01
5.856166098507468165e-01 4.143833901492531280e-01
2.191041909745994609e-01 7.808958090254005668e-01
3.832103665470757980e-01 6.167896334529243685e-01
4.925577050173526178e-02 9.507442294982646480e-01
1.562964847913967115e-01 8.437035152086033163e-01
1.624356390535695582e-01 8.375643609464303863e-01
6.913249098442075802e-02 9.308675090155791310e-01
1.263112599839985584e-01 8.736887400160016082e-01
2.408068037468470424e-01 7.591931962531530687e-01
1.892230705241580019e-02 9.810776929475844010e-01
1.622909376417673299e-01 8.377090623582328366e-01
1.798817816909500100e-01 8.201182183090499622e-01
1.956129606393494647e-02 9.804387039360649148e-01
3.313366202108734143e-02 9.668663379789123047e-01
6.668607010820679637e-01 3.331392989179320918e-01
2.842017116580386471e-03 9.971579828834197246e-01
4.133372693900675549e-02 9.586662730609932792e-01
2.091469288670022575e-01 7.908530711329977425e-01
2.268221761653164970e-02 9.773177823834682254e-01
7.070056769024474219e-01 2.929943230975526336e-01
4.748307755450248413e-02 9.525169224454974604e-01
2.812920630046659709e-01 7.187079369953338626e-01
6.191361409956086526e-01 3.808638590043912919e-01
2.419671169315937009e-01 7.580328830684062158e-01
6.070356559891103287e-02 9.392964344010887867e-01
8.047994248134678064e-02 9.195200575186531777e-01
6.233564240778942667e-01 3.766435759221058444e-01
4.194364899735358865e-02 9.580563510026464114e-01
2.984975811379792301e-03 9.970150241886202025e-01
1.544917097213608093e-01 8.455082902786392740e-01
4.631191775959284662e-01 5.368808224040715338e-01
9.430323865974543640e-02 9.056967613402544526e-01
6.767735649962333122e-01 3.232264350037667988e-01
1.770174485442446988e-01 8.229825514557551625e-01
6.980328015350450999e-01 3.019671984649550112e-01
2.779955757804638411e-02 9.722004424219538032e-01
4.624837153949220570e-01 5.375162846050779430e-01
4.906268499310856290e-02 9.509373150068913816e-01
7.579274022717690240e-01 2.420725977282310037e-01
1.146390968008389466e-01 8.853609031991611644e-01
2.578229331864714813e-01 7.421770668135285742e-01
5.807768519455177580e-01 4.192231480544822420e-01
7.919579942183160859e-02 9.208042005781681416e-01
2.405313319083356438e-01 7.594686680916643562e-01
6.088564209681573969e-02 9.391143579031844268e-01
1.543308177847863005e-02 9.845669182215213144e-01
5.143580036111703446e-01 4.856419963888295444e-01
7.497729612983307368e-02 9.250227038701668292e-01
1.521469622603771332e-01 8.478530377396230611e-01
4.777596051068871974e-01 5.222403948931130246e-01
3.968774379254642881e-02 9.603122562074538626e-01
1.310506399011756862e-01 8.689493600988245081e-01
3.068429003448394643e-02 9.693157099655159703e-01
6.642836508266848627e-02 9.335716349173316386e-01
3.312706745700736560e-02 9.668729325429927801e-01
2.996116033441092452e-01 7.003883966558908103e-01
6.181161440169157251e-01 3.818838559830843860e-01
2.254592278004712569e-01 7.745407721995286598e-01
7.361680212090401243e-01 2.638319787909597092e-01
1.888644016008012017e-02 9.811135598399198798e-01
1.476630761179619222e-01 8.523369238820381888e-01
1.415952506851149151e-01 8.584047493148849739e-01
1.167104598362525697e-01 8.832895401637474997e-01
7.106377036470449271e-01 2.893622963529547398e-01
1.866718309644813667e-01 8.133281690355186333e-01
3.630769981366338550e-02 9.636923001863367810e-01
8.774580816662362615e-02 9.122541918333763045e-01
1.853733874025590214e-02 9.814626612597437960e-01
6.207649606876511350e-02 9.379235039312349143e-01
2.351354654789487852e-02 9.764864534521051631e-01
6.838335039011953463e-03 9.931616649609880110e-01
4.885666485893884470e-03 9.951143335141060531e-01
1.056955207163003396e-01 8.943044792836996049e-01
1.187392139145751202e-01 8.812607860854249076e-01
2.295831721277144868e-02 9.770416827872284715e-01
3.317134806189017682e-01 6.682865193810979543e-01
2.838673039771121703e-02 9.716132696022884430e-01
5.599849619678545221e-01 4.400150380321454224e-01
7.700951168321931717e-02 9.229904883167806551e-01
4.761862374901477124e-01 5.238137625098524541e-01
1.130542127724521034e-01 8.869457872275479104e-01
1.737788320260187994e-02 9.826221167973981929e-01
1.150523092318711388e-01 8.849476907681289584e-01
1.516351484166795494e-01 8.483648515833205339e-01
5.173360166387187820e-02 9.482663983361281357e-01
3.098534995782295520e-01 6.901465004217702814e-01
1.023271200535081776e-01 8.976728799464916975e-01
1.986480705586390547e-02 9.801351929441363131e-01
1.057115820953378610e-01 8.942884179046620696e-01
1.183957170627158223e-05 9.999881604282937486e-01
2.497791437846334228e-01 7.502208562153663829e-01
4.572907886462014293e-01 5.427092113537986817e-01
3.386724807585442254e-02 9.661327519241453832e-01
4.255392688240391963e-01 5.744607311759609702e-01
2.916042414491962775e-01 7.083957585508037225e-01
1.303596972386381059e-01 8.696403027613619496e-01
7.458356922498450559e-02 9.254164307750153418e-01
5.711122991190973330e-01 4.288877008809026115e-01
4.536967674922472854e-02 9.546303232507752368e-01
9.674906323039970946e-02 9.032509367696001101e-01
8.366533383398891410e-02 9.163346661660111137e-01
3.930737913639523878e-02 9.606926208636048514e-01
1.822710350798103784e-01 8.177289649201897603e-01
2.150006172252109937e-01 7.849993827747890895e-01
7.963274821250655375e-03 9.920367251787490792e-01
2.352897429878967467e-02 9.764710257012102490e-01
5.674536975957040347e-02 9.432546302404294369e-01
2.866548597316457420e-02 9.713345140268354605e-01
2.742397771105603999e-03 9.972576022288943687e-01
1.748872758289387319e-01 8.251127241710614069e-01
4.630486206631905660e-02 9.536951379336808809e-01
2.356397689323016520e-01 7.643602310676984590e-01
1.151003760095329759e-01 8.848996239904671768e-01
1.720095721679145429e-01 8.279904278320855404e-01
9.403999489542405610e-02 9.059600051045760827e-01
4.510863036132978232e-02 9.548913696386702732e-01
6.540298270006394965e-02 9.345970172999361614e-01
1.674256867391365478e-01 8.325743132608637298e-01
7.304804387613843611e-03 9.926951956123860610e-01
1.806444631316575511e-02 9.819355536868341616e-01
1.047227393495081676e-01 8.952772606504918462e-01
5.197125746160095039e-01 4.802874253839902741e-01
6.532469795259917555e-01 3.467530204740082445e-01
5.655013666112517629e-02 9.434498633388745947e-01
2.028863958337136786e-01 7.971136041662861826e-01
4.294906968904588229e-01 5.705093031095411771e-01
2.762829887994047370e-02 9.723717011200595506e-01
8.085149605973450393e-02 9.191485039402655932e-01
1.976240803453493608e-02 9.802375919654648939e-01
7.212747742253389216e-02 9.278725225774663299e-01
9.978070172201900512e-01 2.192982779809924104e-03
2.069948203352366678e-01 7.930051796647634710e-01
5.325222225130544773e-01 4.674777774869454672e-01
7.736907278919345765e-02 9.226309272108065285e-01
9.518503853527674474e-01 4.814961464723254564e-02
1.200742649820590591e-01 8.799257350179410242e-01
7.272447014933541842e-02 9.272755298506645261e-01
5.964938039751145442e-03 9.940350619602489335e-01
1.615990037123192849e-02 9.838400996287680611e-01
7.332902580466840181e-01 2.667097419533159819e-01
1.416070696890337974e-02 9.858392930310967417e-01
1.583213544386672181e-02 9.841678645561334760e-01
1.714736727825602325e-01 8.285263272174399063e-01
6.747810542518739574e-02 9.325218945748127153e-01
4.644529802518227446e-01 5.355470197481771999e-01
3.202082959738433449e-03 9.967979170402614386e-01
5.507411535220155807e-01 4.492588464779844193e-01
9.984020131168694911e-01 1.597986883130566530e-03
7.086865165309272907e-01 2.913134834690725983e-01
2.994534684814674219e-01 7.005465315185326336e-01
4.195878309093303143e-02 9.580412169090671837e-01
4.208798399642944311e-03 9.957912016003571676e-01
2.862866973023124942e-02 9.713713302697687402e-01
9.353890180155132184e-01 6.461098198448675389e-02
7.265512566505843983e-02 9.273448743349415047e-01
3.456362309035957425e-01 6.543637690964043685e-01
2.726716615626646730e-07 9.999997273283384169e-01
7.106992337040101138e-01 2.893007662959903303e-01
3.205320594939681245e-02 9.679467940506032431e-01
1.775560537449265286e-01 8.224439462550735547e-01
6.031649165044600247e-01 3.968350834955398088e-01
1.725807378436124140e-01 8.274192621563876138e-01
2.864638261351634425e-03 9.971353617386484736e-01
7.392072950743238113e-01 2.607927049256762442e-01
1.432119589128760806e-02 9.856788041087123364e-01
5.871482652695209775e-02 9.412851734730478537e-01
5.000000000000000000e-01 5.000000000000000000e-01
1.209948747046754730e-01 8.790051252953244854e-01
9.999064749529136265e-01 9.352504708637539039e-05
4.146157145768585850e-01 5.853842854231414705e-01
1.261053761599988665e-01 8.738946238400011612e-01
3.277283441764486382e-01 6.722716558235511952e-01
5.698678136828861929e-01 4.301321863171136961e-01
1.279587725896506600e-01 8.720412274103493955e-01
6.474054206373343057e-01 3.525945793626656943e-01
2.985323728501266816e-01 7.014676271498730964e-01
5.109192881903225070e-01 4.890807118096772710e-01
5.000000000000000000e-01 5.000000000000000000e-01
5.575080679465107408e-02 9.442491932053489467e-01
2.810116069157371499e-02 9.718988393084263544e-01
6.435508004938536031e-01 3.564491995061464524e-01
5.973542156042435138e-03 9.940264578439576004e-01
4.720396349705476280e-01 5.279603650294525385e-01
1.857898431841349951e-01 8.142101568158649494e-01
1.947110719103600091e-02 9.805288928089639366e-01
2.867154475226918464e-01 7.132845524773081536e-01
3.414882790348226088e-02 9.658511720965177183e-01
4.856654755361567571e-02 9.514334524463841092e-01
5.787731701840078541e-02 9.421226829815991799e-01
3.537826277018673027e-01 6.462173722981325863e-01
2.326264032634937085e-01 7.673735967365064026e-01
8.214335461927141369e-02 9.178566453807284198e-01
1.460038362786029997e-01 8.539961637213967505e-01
1.088632673991409283e-01 8.911367326008592382e-01
3.825362697310690785e-01 6.174637302689309770e-01
7.096480361207284371e-02 9.290351963879270869e-01
9.697232345908284035e-02 9.030276765409172013e-01
1.135603628334880266e-02 9.886439637166513084e-01
1.734050536171015400e-01 8.265949463828985433e-01
2.328019784679540016e-01 7.671980215320461927e-01
1.762491390131664948e-01 8.237508609868335885e-01
1.496371668536825884e-02 9.850362833146317776e-01
2.397194041338718273e-02 9.760280595866128728e-01
4.365211639408225208e-01 5.634788360591774792e-01
4.976574759234603240e-02 9.502342524076539121e-01
2.011118311391311142e-01 7.988881688608687748e-01
5.561771327663302816e-03 9.944382286723367770e-01
5.990735523767982962e-02 9.400926447623203508e-01
6.940782701771038843e-01 3.059217298228959492e-01
2.075835249263726159e-02 9.792416475073628668e-01
3.239823637107375892e-02 9.676017636289262480e-01
2.780761479963000382e-01 7.219238520036997953e-01
5.930750059205837088e-01 4.069249940794162912e-01
1.471995071423906343e-01 8.528004928576092825e-01
1.007844270637851293e-02 9.899215572936214125e-01
1.639021425867393661e-02 9.836097857413259593e-01
5.437757407696532097e-02 9.456224259230344709e-01
6.494191095040822148e-01 3.505808904959178962e-01
7.666923111767074417e-01 2.333076888232926971e-01
9.237427614671067655e-02 9.076257238532892124e-01
1.050639706151463258e-02 9.894936029384855392e-01
4.259123771628088861e-01 5.740876228371911694e-01
6.188728935833732736e-01 3.811271064166266154e-01
6.899989668529382669e-02 9.310001033147059513e-01
7.942355357928294612e-01 2.057644642071705665e-01
1.535642977256011787e-01 8.464357022743987935e-01
3.848927056975434691e-02 9.615107294302455143e-01
7.004881337588515500e-01 2.995118662411485055e-01
6.306238919495649187e-01 3.693761080504350258e-01
6.641801694554629876e-01 3.358198305445369569e-01
8.277404544316623036e-02 9.172259545568338668e-01
2.673850205733156737e-02 9.732614979426684743e-01
2.077093249520745311e-01 7.922906750479257187e-01
7.466302584600330583e-01 2.533697415399668307e-01
7.868154159815322901e-02 9.213184584018468959e-01
4.790648431352353409e-01 5.209351568647647701e-01
1.632855642250576056e-01 8.367144357749424222e-01
4.801104911214914422e-02 9.519889508878510709e-01
1.986056446168583955e-01 8.013943553831417432e-01
3.550414237804875306e-01 6.449585762195124694e-01
8.782854452998802020e-02 9.121714554700122157e-01
1.106415116703608238e-02 9.889358488329641483e-01
1.014830351666590469e-01 8.985169648333407588e-01
1.332230800535252058e-01 8.667769199464748775e-01
3.647657032957097450e-02 9.635234296704289214e-01
3.946765169500303649e-01 6.053234830499697461e-01
3.562724427148832029e-02 9.643727557285116658e-01
8.040814936784531630e-01 1.959185063215469202e-01
1.080011240494744701e-01 8.919988759505255160e-01
9.360560018421131001e-02 9.063943998157887316e-01
2.810594488996556034e-02 9.718940551100342384e-01
4.173809199854233154e-01 5.826190800145765181e-01
5.814881032954551110e-02 9.418511896704546693e-01
6.792623207448159617e-01 3.207376792551839273e-01
1.013019339695032384e-01 8.986980660304965118e-01
6.542947049114568314e-02 9.345705295088544418e-01
1.150169324091529222e-01 8.849830675908469946e-01
6.388725698890815874e-01 3.611274301109185236e-01
1.303259651007867559e-01 8.696740348992132441e-01
6.857502266763797205e-02 9.314249773323620696e-01
1.844285821471826903e-01 8.155714178528172820e-01
3.595670884358054820e-01 6.404329115641943515e-01
8.669440888770102438e-01 1.330559111229896452e-01
6.519318815331839323e-01 3.480681184668160122e-01
7.803885975999960700e-02 9.219611402400004208e-01
9.270713604998073176e-01 7.292863950019266850e-02
4.929292901389146359e-02 9.507070709861082936e-01
7.617762522992745089e-02 9.238223747700725630e-01
9.475230110877825851e-01 5.247698891221731082e-02
1.709727305045286860e-01 8.290272694954712307e-01
4.887738827773474015e-01 5.112261172226526540e-01
5.824388496931097725e-01 4.175611503068902275e-01
1.528414416182459316e-02 9.847158558381752247e-01
4.011691958677804370e-01 5.988308041322196740e-01
7.295170652957711464e-03 9.927048293470424056e-01
1.311672057726923912e-01 8.688327942273076365e-01
3.159179943730753282e-01 6.840820056269246718e-01
1.326371846939075616e-01 8.673628153060927160e-01
7.640862283016959244e-01 2.359137716983042143e-01
6.435438041708022583e-01 3.564561958291976862e-01
5.832584621539659286e-01 4.167415378460341824e-01
5.853093137695267734e-01 4.146906862304732821e-01
1.032140550477112645e-02 9.896785944952286584e-01
8.460471078479957566e-03 9.915395289215199748e-01
4.274305064096049767e-02 9.572569493590394885e-01
4.732503281605017209e-01 5.267496718394981681e-01
1.328209136389187084e-01 8.671790863610812083e-01
3.019666816892708772e-01 6.980333183107291228e-01
8.631708659125066074e-02 9.136829134087492976e-01
6.700367265834941133e-01 3.299632734165058312e-01
6.598368127292786323e-01 3.401631872707214788e-01
7.030629077820359230e-02 9.296937092217963938e-01
1.670983099376611297e-02 9.832901690062340050e-01
2.288170818319259781e-01 7.711829181680740497e-01
9.999863994186158900e-01 1.360058138411667803e-05
2.452655294119294449e-01 7.547344705880705273e-01
5.000000000000000000e-01 5.000000000000000000e-01
8.274406002826243389e-01 1.725593997173757166e-01
3.095863114666620453e-01 6.904136885333381768e-01
1.615454032601315038e-01 8.384545967398686628e-01
8.782963053876825521e-01 1.217036946123172814e-01
5.315588777620902095e-01 4.684411222379099571e-01
2.048678291830056258e-02 9.795132170816993611e-01
6.186461734719337358e-01 3.813538265280663753e-01
3.312785652542222792e-01 6.687214347457778318e-01
9.420756674858112023e-02 9.057924332514188936e-01
5.758447771790932250e-03 9.942415522282089801e-01
6.626018080813338429e-01 3.373981919186659906e-01
2.062194519160482631e-01 7.937805480839518202e-01
1.825836515222299394e-01 8.174163484777698940e-01
9.329735589417478825e-02 9.067026441058252395e-01
2.615805285536554892e-01 7.384194714463444553e-01
2.633496561152848803e-01 7.366503438847151752e-01
4.800567839830767181e-01 5.199432160169232819e-01
2.223114972206852169e-01 7.776885027793148941e-01
3.617309119518734295e-02 9.638269088048126987e-01
3.216235380949381550e-01 6.783764619050616229e-01
3.687823274647198946e-01 6.312176725352800499e-01
3.608702321009727137e-03 9.963912976789902620e-01
7.502675719935921750e-01 2.497324280064076862e-01
3.651110938224735869e-01 6.348889061775262466e-01
5.758126841962357689e-01 4.241873158037640645e-01
1.573934207353741913e-02 9.842606579264627786e-01
7.256986893053912063e-03 9.927430131069461261e-01
5.681964971836545031e-01 4.318035028163453859e-01
2.026309151882619841e-01 7.973690848117379604e-01
2.756113535106666790e-01 7.243886464893330990e-01
2.030874564829499365e-02 9.796912543517051208e-01
1.957975825549223836e-01 8.042024174450778107e-01
6.688444337142185336e-01 3.311555662857814109e-01
1.457388461393021792e-02 9.854261153860697231e-01
1.112093438005701089e-02 9.888790656199429874e-01
6.185899682500258789e-01 3.814100317499741766e-01
7.853442576950165899e-01 2.146557423049833824e-01
4.720331940565632850e-02 9.527966805943436368e-01
6.235739417836424874e-03 9.937642605821634945e-01
2.974049711582567590e-01 7.025950288417429634e-01
6.202476512848169587e-01 3.797523487151831523e-01
3.326056082373753386e-01 6.673943917626247169e-01
2.132758319760259466e-02 9.786724168023973602e-01
1.069458837626454384e-01 8.930541162373546449e-01
4.121763243953661948e-02 9.587823675604633111e-01
9.982355205974228207e-01 1.764479402577218744e-03
5.842460121909367476e-01 4.157539878090630303e-01
4.089227429027354754e-02 9.591077257097264663e-01
4.734016814587609367e-01 5.265983185412390633e-01
3.719876381304250690e-01 6.280123618695750976e-01
6.736379372521315682e-03 9.932636206274787494e-01
5.014756625098417547e-02 9.498524337490158453e-01
2.511592481221847639e-01 7.488407518778151806e-01
3.509444939770285932e-01 6.490555060229714623e-01
3.815354839736297965e-01 6.184645160263700925e-01
2.283426158668424855e-01 7.716573841331574313e-01
3.557866007933095931e-01 6.442133992066904069e-01
7.391954330917490518e-03 9.926080456690825615e-01
7.601133711004368076e-02 9.239886628899566245e-01
2.484450256918023167e-02 9.751554974308199730e-01
3.529257471235415777e-01 6.470742528764582557e-01
6.152905236358059693e-02 9.384709476364194725e-01
1.656754965180891326e-02 9.834324503481910451e-01
2.836743730683897180e-01 7.163256269316102820e-01
1.569342158443532975e-01 8.430657841556465915e-01
5.258502510369199578e-01 4.741497489630800422e-01
2.994692424090490412e-01 7.005307575909510698e-01
5.820562311254197096e-01 4.179437688745802348e-01
5.507190389332301539e-01 4.492809610667699571e-01
4.360088560054736079e-02 9.563991143994526878e-01
5.677288629844293860e-03 9.943227113701557096e-01
2.524072836110000662e-01 7.475927163890001559e-01
2.683553318142944399e-01 7.316446681857056156e-01
5.098515637811033008e-01 4.901484362188965327e-01
6.547347900662333631e-01 3.452652099337667480e-01
1.439790129483444620e-02 9.856020987051656856e-01
2.821086492642209398e-02 9.717891350735781142e-01
8.802564246229714617e-02 9.119743575377028399e-01
2.211240916888309038e-01 7.788759083111689296e-01
3.491827045021606013e-01 6.508172954978393987e-01
6.384964599776535854e-01 3.615035400223462481e-01
4.239915833187546945e-01 5.760084166812452500e-01
1.899046962366880142e-01 8.100953037633121800e-01
1.024992922815212970e-07 9.999998975007077240e-01
9.389961488100044829e-01 6.100385118999548245e-02
6.901884235434299075e-01 3.098115764565702035e-01
5.182617214119339399e-01 4.817382785880661156e-01
7.830390174026068406e-01 2.169609825973929373e-01
2.865136172441141160e-01 7.134863827558859395e-01
2.441310485497060201e-01 7.558689514502939799e-01
5.285032925657861397e-02 9.471496707434213791e-01
7.811857742859597276e-02 9.218814225714041521e-01
2.317718722591773084e-01 7.682281277408228304e-01
2.787258856201471069e-01 7.212741143798527821e-01
1.062556206762879651e-02 9.893744379323711202e-01
1.926124350613859278e-08 9.999999807387563999e-01
7.874843354814335325e-03 9.921251566451856352e-01
4.298132828622532875e-01 5.701867171377467125e-01
8.104982654829214761e-01 1.895017345170786627e-01
6.354395867391042334e-03 9.936456041326089395e-01
3.806005057930243463e-01 6.193994942069757093e-01
1.539112588970717732e-01 8.460887411029280880e-01
3.567498455268554303e-02 9.643250154473145264e-01
4.775645454224004133e-03 9.952243545457760687e-01
6.300158411663640823e-02 9.369984158833635224e-01
6.132894728760639458e-01 3.867105271239360542e-01
2.247578813703763057e-01 7.752421186296237776e-01
2.104157953449774243e-01 7.895842046550225479e-01
5.232793748408784973e-01 4.767206251591216692e-01
2.655821347165275848e-01 7.344178652834724152e-01
5.735097312440042699e-02 9.426490268755995938e-01
5.308757040712984709e-01 4.691242959287015846e-01
5.546616975280646011e-01 4.453383024719354544e-01
1.442474611736558054e-01 8.557525388263441668e-01
8.491203078361290180e-01 1.508796921638708710e-01
2.073383688701837257e-01 7.926616311298162465e-01
5.687613495877276160e-01 4.312386504122723840e-01
5.659729521742912217e-01 4.340270478257088338e-01
2.838256284219939363e-01 7.161743715780061192e-01
6.902236639867538326e-01 3.097763360132461119e-01
6.072674939998418120e-01 3.927325060001581325e-01
2.922908399277410196e-01 7.077091600722590359e-01
7.236736740776177068e-02 9.276326325922380489e-01
2.673492186167812923e-01 7.326507813832183746e-01
1.640226042650683724e-01 8.359773957349316831e-01
1.625103739191781083e-01 8.374896260808217807e-01
6.592146443112584242e-01 3.407853556887414093e-01
1.645125396823132399e-02 9.835487460317685615e-01
5.682826390587359944e-01 4.317173609412641722e-01
5.234180499105675795e-03 9.947658195008943771e-01
2.406429680993162346e-01 7.593570319006837099e-01
8.190711624260252899e-01 1.809288375739746546e-01
8.344633761897651825e-02 9.165536623810235373e-01
4.259139630667130826e-03 9.957408603693329585e-01
5.000000000000000000e-01 5.000000000000000000e-01
8.672038319854469268e-01 1.327961680145531009e-01
2.703696943773014824e-02 9.729630305622698483e-01
3.724961564019533267e-01 6.275038435980466733e-01
7.877125340849664425e-01 2.122874659150333909e-01
5.116372258434772613e-01 4.883627741565228497e-01
1.191862351369500639e-01 8.808137648630499639e-01
6.166322213832636789e-01 3.833677786167364321e-01
3.911217490895474991e-01 6.088782509104526675e-01
7.838178176511841899e-01 2.161821823488157823e-01
2.858864639473980840e-01 7.141135360526021936e-01
5.621756567640389113e-01 4.378243432359611997e-01
2.974791061899432210e-01 7.025208938100567790e-01
4.413090337809816854e-01 5.586909662190182591e-01
7.703529685406357297e-02 9.229647031459364825e-01
8.883680315407809225e-01 1.116319684592190636e-01
9.892715740580339256e-02 9.010728425941968434e-01
5.000000000000000000e-01 5.000000000000000000e-01
8.645397046503938698e-02 9.135460295349605575e-01
3.584774395020124405e-01 6.415225604979876151e-01
6.966376015521649201e-01 3.033623984478352464e-01
2.007391572043688566e-01 7.992608427956308104e-01
6.046873667861424329e-01 3.953126332138575671e-01
4.436741248660280856e-01 5.563258751339720254e-01
4.018655432555131024e-01 5.981344567444870641e-01
4.032632222778592679e-01 5.967367777221408431e-01
1.890524032554841138e-01 8.109475967445159972e-01
5.986621256800181978e-01 4.013378743199818577e-01
1.840307939381368718e-01 8.159692060618634057e-01
2.886560757162195401e-01 7.113439242837802379e-01
5.659388880057016902e-01 4.340611119942983653e-01
5.935778165639150200e-02 9.406422183436085049e-01
7.803418811246686237e-01 2.196581188753312652e-01
5.000000000000000000e-01 5.000000000000000000e-01
5.552144668915330872e-01 4.447855331084670238e-01
3.127678252278467408e-01 6.872321747721532592e-01
4.289155894974280847e-02 9.571084410502573858e-01
4.361803164216592754e-01 5.638196835783407801e-01
5.944040614891762248e-02 9.405595938510824539e-01
1.511614279749590173e-01 8.488385720250409827e-01
7.931146672175294621e-02 9.206885332782471787e-01
1.785877427195094180e-01 8.214122572804908318e-01
3.404085011512053560e-01 6.595914988487944219e-01
2.894172559585692084e-01 7.105827440414308471e-01
3.378070586223871352e-01 6.621929413776127538e-01
1.189916748793090756e-01 8.810083251206909383e-01
1.029505819883019813e-01 8.970494180116977967e-01
5.823388029003137012e-01 4.176611970996862433e-01
3.141624078088236377e-02 9.685837592191177681e-01
8.443321333351645058e-03 9.915566786666485388e-01
5.556914076572153638e-01 4.443085923427845807e-01
2.006688740125228410e-01 7.993311259874770203e-01
3.553109441319364792e-01 6.446890558680634653e-01
5.633225777899271147e-01 4.366774222100726632e-01
3.547350877982892170e-01 6.452649122017108940e-01
1.840564969469215273e-01 8.159435030530786115e-01
5.371637327413356644e-01 4.628362672586642246e-01
4.366050552602535606e-01 5.633949447397463839e-01
4.457552114704876889e-02 9.554244788529510091e-01
3.127642744394202867e-01 6.872357255605799908e-01
4.982255378056325845e-02 9.501774462194366722e-01
5.856166098507468165e-01 4.143833901492531280e-01
2.191041909745994609e-01 7.808958090254005668e-01
3.832103665470757980e-01 6.167896334529243685e-01
4.925577050173526178e-02 9.507442294982646480e-01
1.562964847913967115e-01 8.437035152086033163e-01
1.624356390535695582e-01 8.375643609464303863e-01
6.913249098442075802e-02 9.308675090155791310e-01
1.263112599839985584e-01 8.736887400160016082e-01
2.408068037468470424e-01 7.591931962531530687e-01
1.892230705241580019e-02 9.810776929475844010e-01
1.622909376417673299e-01 8.377090623582328366e-01
1.798817816909500100e-01 8.201182183090499622e-01
1.956129606393494647e-02 9.804387039360649148e-01
3.313366202108734143e-02 9.668663379789123047e-01
6.668607010820679637e-01 3.331392989179320918e-01
2.842017116580386471e-03 9.971579828834197246e-01
4.133372693900675549e-02 9.586662730609932792e-01
2.091469288670022575e-01 7.908530711329977425e-01
2.268221761653164970e-02 9.773177823834682254e-01
7.070056769024474219e-01 2.929943230975526336e-01
4.748307755450248413e-02 9.525169224454974604e-01
2.812920630046659709e-01 7.187079369953338626e-01
6.191361409956086526e-01 3.808638590043912919e-01
2.419671169315937009e-01 7.580328830684062158e-01
6.070356559891103287e-02 9.392964344010887867e-01
8.047994248134678064e-02 9.195200575186531777e-01
6.233564240778942667e-01 3.766435759221058444e-01
4.194364899735358865e-02 9.580563510026464114e-01
2.984975811379792301e-03 9.970150241886202025e-01
1.544917097213608093e-01 8.455082902786392740e-01
4.631191775959284662e-01 5.368808224040715338e-01
9.430323865974543640e-02 9.056967613402544526e-01
6.767735649962333122e-01 3.232264350037667988e-01
1.770174485442446988e-01 8.229825514557551625e-01
6.980328015350450999e-01 3.019671984649550112e-01
2.779955757804638411e-02 9.722004424219538032e-01
4.624837153949220570e-01 5.375162846050779430e-01
4.906268499310856290e-02 9.509373150068913816e-01
7.579274022717690240e-01 2.420725977282310037e-01
1.146390968008389466e-01 8.853609031991611644e-01
2.578229331864714813e-01 7.421770668135285742e-01
5.807768519455177580e-01 4.192231480544822420e-01
7.919579942183160859e-02 9.208042005781681416e-01
2.405313319083356438e-01 7.594686680916643562e-01
6.088564209681573969e-02 9.391143579031844268e-01
1.543308177847863005e-02 9.845669182215213144e-01
5.143580036111703446e-01 4.856419963888295444e-01
7.497729612983307368e-02 9.250227038701668292e-01
1.521469622603771332e-01 8.478530377396230611e-01
4.777596051068871974e-01 5.222403948931130246e-01
3.968774379254642881e-02 9.603122562074538626e-01
1.310506399011756862e-01 8.689493600988245081e-01
3.068429003448394643e-02 9.693157099655159703e-01
6.642836508266848627e-02 9.335716349173316386e-01
3.312706745700736560e-02 9.668729325429927801e-01
2.996116033441092452e-01 7.003883966558908103e-01
6.181161440169157251e-01 3.818838559830843860e-01
2.254592278004712569e-01 7.745407721995286598e-01
7.361680212090401243e-01 2.638319787909597092e-01
1.888644016008012017e-02 9.811135598399198798e-01
1.476630761179619222e-01 8.523369238820381888e-01
1.415952506851149151e-01 8.584047493148849739e-01
1.167104598362525697e-01 8.832895401637474997e-01
7.106377036470449271e-01 2.893622963529547398e-01
1.866718309644813667e-01 8.133281690355186333e-01
3.630769981366338550e-02 9.636923001863367810e-01
8.774580816662362615e-02 9.122541918333763045e-01
1.853733874025590214e-02 9.814626612597437960e-01
6.207649606876511350e-02 9.379235039312349143e-01
2.351354654789487852e-02 9.764864534521051631e-01
6.838335039011953463e-03 9.931616649609880110e-01
4.885666485893884470e-03 9.951143335141060531e-01
1.056955207163003396e-01 8.943044792836996049e-01
1.187392139145751202e-01 8.812607860854249076e-01
2.295831721277144868e-02 9.770416827872284715e-01
3.317134806189017682e-01 6.682865193810979543e-01
2.838673039771121703e-02 9.716132696022884430e-01
5.599849619678545221e-01 4.400150380321454224e-01
7.700951168321931717e-02 9.229904883167806551e-01
4.761862374901477124e-01 5.238137625098524541e-01
1.130542127724521034e-01 8.869457872275479104e-01
1.737788320260187994e-02 9.826221167973981929e-01
1.150523092318711388e-01 8.849476907681289584e-01
1.516351484166795494e-01 8.483648515833205339e-01
5.173360166387187820e-02 9.482663983361281357e-01
3.098534995782295520e-01 6.901465004217702814e-01
1.023271200535081776e-01 8.976728799464916975e-01
1.986480705586390547e-02 9.801351929441363131e-01
1.057115820953378610e-01 8.942884179046620696e-01
1.183957170627158223e-05 9.999881604282937486e-01
2.497791437846334228e-01 7.502208562153663829e-01
4.572907886462014293e-01 5.427092113537986817e-01
3.386724807585442254e-02 9.661327519241453832e-01
4.255392688240391963e-01 5.744607311759609702e-01
2.916042414491962775e-01 7.083957585508037225e-01
1.303596972386381059e-01 8.696403027613619496e-01
7.458356922498450559e-02 9.254164307750153418e-01
5.711122991190973330e-01 4.288877008809026115e-01
4.536967674922472854e-02 9.546303232507752368e-01
9.674906323039970946e-02 9.032509367696001101e-01
8.366533383398891410e-02 9.163346661660111137e-01
3.930737913639523878e-02 9.606926208636048514e-01
1.822710350798103784e-01 8.177289649201897603e-01
2.150006172252109937e-01 7.849993827747890895e-01
7.963274821250655375e-03 9.920367251787490792e-01
2.352897429878967467e-02 9.764710257012102490e-01
5.674536975957040347e-02 9.432546302404294369e-01
2.866548597316457420e-02 9.713345140268354605e-01
2.742397771105603999e-03 9.972576022288943687e-01
1.748872758289387319e-01 8.251127241710614069e-01
4.630486206631905660e-02 9.536951379336808809e-01
2.356397689323016520e-01 7.643602310676984590e-01
1.151003760095329759e-01 8.848996239904671768e-01
1.720095721679145429e-01 8.279904278320855404e-01
9.403999489542405610e-02 9.059600051045760827e-01
4.510863036132978232e-02 9.548913696386702732e-01
6.540298270006394965e-02 9.345970172999361614e-01
1.674256867391365478e-01 8.325743132608637298e-01
7.304804387613843611e-03 9.926951956123860610e-01
1.806444631316575511e-02 9.819355536868341616e-01
1.047227393495081676e-01 8.952772606504918462e-01
5.197125746160095039e-01 4.802874253839902741e-01
6.532469795259917555e-01 3.467530204740082445e-01
5.655013666112517629e-02 9.434498633388745947e-01
2.028863958337136786e-01 7.971136041662861826e-01
4.294906968904588229e-01 5.705093031095411771e-01
2.762829887994047370e-02 9.723717011200595506e-01
8.085149605973450393e-02 9.191485039402655932e-01
1.976240803453493608e-02 9.802375919654648939e-01
7.212747742253389216e-02 9.278725225774663299e-01
9.978070172201900512e-01 2.192982779809924104e-03
2.069948203352366678e-01 7.930051796647634710e-01
5.325222225130544773e-01 4.674777774869454672e-01
7.736907278919345765e-02 9.226309272108065285e-01
9.518503853527674474e-01 4.814961464723254564e-02
1.200742649820590591e-01 8.799257350179410242e-01
7.272447014933541842e-02 9.272755298506645261e-01
5.964938039751145442e-03 9.940350619602489335e-01
1.615990037123192849e-02 9.838400996287680611e-01
7.332902580466840181e-01 2.667097419533159819e-01
1.416070696890337974e-02 9.858392930310967417e-01
1.583213544386672181e-02 9.841678645561334760e-01
1.714736727825602325e-01 8.285263272174399063e-01
6.747810542518739574e-02 9.325218945748127153e-01
4.644529802518227446e-01 5.355470197481771999e-01
3.202082959738433449e-03 9.967979170402614386e-01
5.507411535220155807e-01 4.492588464779844193e-01
9.984020131168694911e-01 1.597986883130566530e-03
7.086865165309272907e-01 2.913134834690725983e-01
2.994534684814674219e-01 7.005465315185326336e-01
4.195878309093303143e-02 9.580412169090671837e-01
4.208798399642944311e-03 9.957912016003571676e-01
2.862866973023124942e-02 9.713713302697687402e-01
9.353890180155132184e-01 6.461098198448675389e-02
7.265512566505843983e-02 9.273448743349415047e-01
3.456362309035957425e-01 6.543637690964043685e-01
2.726716615626646730e-07 9.999997273283384169e-01
7.106992337040101138e-01 2.893007662959903303e-01
3.205320594939681245e-02 9.679467940506032431e-01
1.775560537449265286e-01 8.224439462550735547e-01
6.031649165044600247e-01 3.968350834955398088e-01
1.725807378436124140e-01 8.274192621563876138e-01
2.864638261351634425e-03 9.971353617386484736e-01
7.392072950743238113e-01 2.607927049256762442e-01
1.432119589128760806e-02 9.856788041087123364e-01
5.871482652695209775e-02 9.412851734730478537e-01
5.000000000000000000e-01 5.000000000000000000e-01
1.209948747046754730e-01 8.790051252953244854e-01
9.999064749529136265e-01 9.352504708637539039e-05
4.146157145768585850e-01 5.853842854231414705e-01
1.261053761599988665e-01 8.738946238400011612e-01
3.277283441764486382e-01 6.722716558235511952e-01
5.698678136828861929e-01 4.301321863171136961e-01
1.279587725896506600e-01 8.720412274103493955e-01
6.474054206373343057e-01 3.525945793626656943e-01
2.985323728501266816e-01 7.014676271498730964e-01
5.109192881903225070e-01 4.890807118096772710e-01
5.000000000000000000e-01 5.000000000000000000e-01
5.575080679465107408e-02 9.442491932053489467e-01
2.810116069157371499e-02 9.718988393084263544e-01
6.435508004938536031e-01 3.564491995061464524e-01
5.973542156042435138e-03 9.940264578439576004e-01
4.720396349705476280e-01 5.279603650294525385e-01
1.857898431841349951e-01 8.142101568158649494e-01
1.947110719103600091e-02 9.805288928089639366e-01
2.867154475226918464e-01 7.132845524773081536e-01
3.414882790348226088e-02 9.658511720965177183e-01
4.856654755361567571e-02 9.514334524463841092e-01
5.787731701840078541e-02 9.421226829815991799e-01
3.537826277018673027e-01 6.462173722981325863e-01
2.326264032634937085e-01 7.673735967365064026e-01
8.214335461927141369e-02 9.178566453807284198e-01
1.460038362786029997e-01 8.539961637213967505e-01
1.088632673991409283e-01 8.911367326008592382e-01
3.825362697310690785e-01 6.174637302689309770e-01
7.096480361207284371e-02 9.290351963879270869e-01
9.697232345908284035e-02 9.030276765409172013e-01
1.135603628334880266e-02 9.886439637166513084e-01
1.734050536171015400e-01 8.265949463828985433e-01
2.328019784679540016e-01 7.671980215320461927e-01
1.762491390131664948e-01 8.237508609868335885e-01
1.496371668536825884e-02 9.850362833146317776e-01
2.397194041338718273e-02 9.760280595866128728e-01
4.365211639408225208e-01 5.634788360591774792e-01
4.976574759234603240e-02 9.502342524076539121e-01
2.011118311391311142e-01 7.988881688608687748e-01
5.561771327663302816e-03 9.944382286723367770e-01
5.990735523767982962e-02 9.400926447623203508e-01
6.940782701771038843e-01 3.059217298228959492e-01
2.075835249263726159e-02 9.792416475073628668e-01
3.239823637107375892e-02 9.676017636289262480e-01
2.780761479963000382e-01 7.219238520036997953e-01
5.930750059205837088e-01 4.069249940794162912e-01
1.471995071423906343e-01 8.528004928576092825e-01
1.007844270637851293e-02 9.899215572936214125e-01
1.639021425867393661e-02 9.836097857413259593e-01
5.437757407696532097e-02 9.456224259230344709e-01
6.494191095040822148e-01 3.505808904959178962e-01
7.666923111767074417e-01 2.333076888232926971e-01
9.237427614671067655e-02 9.076257238532892124e-01
1.050639706151463258e-02 9.894936029384855392e-01
4.259123771628088861e-01 5.740876228371911694e-01
6.188728935833732736e-01 3.811271064166266154e-01
6.899989668529382669e-02 9.310001033147059513e-01
7.942355357928294612e-01 2.057644642071705665e-01
1.535642977256011787e-01 8.464357022743987935e-01
3.848927056975434691e-02 9.615107294302455143e-01
7.004881337588515500e-01 2.995118662411485055e-01
6.306238919495649187e-01 3.693761080504350258e-01
6.641801694554629876e-01 3.358198305445369569e-01
8.277404544316623036e-02 9.172259545568338668e-01
2.673850205733156737e-02 9.732614979426684743e-01
2.077093249520745311e-01 7.922906750479257187e-01
7.466302584600330583e-01 2.533697415399668307e-01
7.868154159815322901e-02 9.213184584018468959e-01
4.790648431352353409e-01 5.209351568647647701e-01
1.632855642250576056e-01 8.367144357749424222e-01
4.801104911214914422e-02 9.519889508878510709e-01
1.986056446168583955e-01 8.013943553831417432e-01
3.550414237804875306e-01 6.449585762195124694e-01
8.782854452998802020e-02 9.121714554700122157e-01
1.106415116703608238e-02 9.889358488329641483e-01
1.014830351666590469e-01 8.985169648333407588e-01
1.332230800535252058e-01 8.667769199464748775e-01
3.647657032957097450e-02 9.635234296704289214e-01
3.946765169500303649e-01 6.053234830499697461e-01
3.562724427148832029e-02 9.643727557285116658e-01
8.040814936784531630e-01 1.959185063215469202e-01
1.080011240494744701e-01 8.919988759505255160e-01
9.360560018421131001e-02 9.063943998157887316e-01
2.810594488996556034e-02 9.718940551100342384e-01
4.173809199854233154e-01 5.826190800145765181e-01
5.814881032954551110e-02 9.418511896704546693e-01
6.792623207448159617e-01 3.207376792551839273e-01
1.013019339695032384e-01 8.986980660304965118e-01
6.542947049114568314e-02 9.345705295088544418e-01
1.150169324091529222e-01 8.849830675908469946e-01
6.388725698890815874e-01 3.611274301109185236e-01
1.303259651007867559e-01 8.696740348992132441e-01
6.857502266763797205e-02 9.314249773323620696e-01
1.844285821471826903e-01 8.155714178528172820e-01
3.595670884358054820e-01 6.404329115641943515e-01
8.669440888770102438e-01 1.330559111229896452e-01
6.519318815331839323e-01 3.480681184668160122e-01
7.803885975999960700e-02 9.219611402400004208e-01
9.270713604998073176e-01 7.292863950019266850e-02
4.929292901389146359e-02 9.507070709861082936e-01
7.617762522992745089e-02 9.238223747700725630e-01
9.475230110877825851e-01 5.247698891221731082e-02
1.709727305045286860e-01 8.290272694954712307e-01
4.887738827773474015e-01 5.112261172226526540e-01
5.824388496931097725e-01 4.175611503068902275e-01
1.528414416182459316e-02 9.847158558381752247e-01
4.011691958677804370e-01 5.988308041322196740e-01
7.295170652957711464e-03 9.927048293470424056e-01
1.311672057726923912e-01 8.688327942273076365e-01
3.159179943730753282e-01 6.840820056269246718e-01
1.326371846939075616e-01 8.673628153060927160e-01
7.640862283016959244e-01 2.359137716983042143e-01
6.435438041708022583e-01 3.564561958291976862e-01
5.832584621539659286e-01 4.167415378460341824e-01
5.853093137695267734e-01 4.146906862304732821e-01
1.032140550477112645e-02 9.896785944952286584e-01
8.460471078479957566e-03 9.915395289215199748e-01
4.274305064096049767e-02 9.572569493590394885e-01
4.732503281605017209e-01 5.267496718394981681e-01
1.328209136389187084e-01 8.671790863610812083e-01
3.019666816892708772e-01 6.980333183107291228e-01
8.631708659125066074e-02 9.136829134087492976e-01
6.700367265834941133e-01 3.299632734165058312e-01
6.598368127292786323e-01 3.401631872707214788e-01
7.030629077820359230e-02 9.296937092217963938e-01
1.670983099376611297e-02 9.832901690062340050e-01
2.288170818319259781e-01 7.711829181680740497e-01
9.999863994186158900e-01 1.360058138411667803e-05
2.452655294119294449e-01 7.547344705880705273e-01
5.000000000000000000e-01 5.000000000000000000e-01
8.274406002826243389e-01 1.725593997173757166e-01
3.095863114666620453e-01 6.904136885333381768e-01
1.615454032601315038e-01 8.384545967398686628e-01
8.782963053876825521e-01 1.217036946123172814e-01
5.315588777620902095e-01 4.684411222379099571e-01
2.048678291830056258e-02 9.795132170816993611e-01
6.186461734719337358e-01 3.813538265280663753e-01
3.312785652542222792e-01 6.687214347457778318e-01
9.420756674858112023e-02 9.057924332514188936e-01
5.758447771790932250e-03 9.942415522282089801e-01
6.626018080813338429e-01 3.373981919186659906e-01
2.062194519160482631e-01 7.937805480839518202e-01
1.825836515222299394e-01 8.174163484777698940e-01
9.329735589417478825e-02 9.067026441058252395e-01
2.615805285536554892e-01 7.384194714463444553e-01
2.633496561152848803e-01 7.366503438847151752e-01
4.800567839830767181e-01 5.199432160169232819e-01
2.223114972206852169e-01 7.776885027793148941e-01
3.617309119518734295e-02 9.638269088048126987e-01
3.216235380949381550e-01 6.783764619050616229e-01
3.687823274647198946e-01 6.312176725352800499e-01
3.608702321009727137e-03 9.963912976789902620e-01
7.502675719935921750e-01 2.497324280064076862e-01
3.651110938224735869e-01 6.348889061775262466e-01
5.758126841962357689e-01 4.241873158037640645e-01
1.573934207353741913e-02 9.842606579264627786e-01
7.256986893053912063e-03 9.927430131069461261e-01
5.681964971836545031e-01 4.318035028163453859e-01
2.026309151882619841e-01 7.973690848117379604e-01
2.756113535106666790e-01 7.243886464893330990e-01
2.030874564829499365e-02 9.796912543517051208e-01
1.957975825549223836e-01 8.042024174450778107e-01
6.688444337142185336e-01 3.311555662857814109e-01
1.457388461393021792e-02 9.854261153860697231e-01
1.112093438005701089e-02 9.888790656199429874e-01
6.185899682500258789e-01 3.814100317499741766e-01
7.853442576950165899e-01 2.146557423049833824e-01
4.720331940565632850e-02 9.527966805943436368e-01
6.235739417836424874e-03 9.937642605821634945e-01
2.974049711582567590e-01 7.025950288417429634e-01
6.202476512848169587e-01 3.797523487151831523e-01
3.326056082373753386e-01 6.673943917626247169e-01
2.132758319760259466e-02 9.786724168023973602e-01
1.069458837626454384e-01 8.930541162373546449e-01
4.121763243953661948e-02 9.587823675604633111e-01
9.982355205974228207e-01 1.764479402577218744e-03
5.842460121909367476e-01 4.157539878090630303e-01
4.089227429027354754e-02 9.591077257097264663e-01
4.734016814587609367e-01 5.265983185412390633e-01
3.719876381304250690e-01 6.280123618695750976e-01
6.736379372521315682e-03 9.932636206274787494e-01
5.014756625098417547e-02 9.498524337490158453e-01
2.511592481221847639e-01 7.488407518778151806e-01
3.509444939770285932e-01 6.490555060229714623e-01
3.815354839736297965e-01 6.184645160263700925e-01
2.283426158668424855e-01 7.716573841331574313e-01
3.557866007933095931e-01 6.442133992066904069e-01
7.391954330917490518e-03 9.926080456690825615e-01
7.601133711004368076e-02 9.239886628899566245e-01
2.484450256918023167e-02 9.751554974308199730e-01
3.529257471235415777e-01 6.470742528764582557e-01
6.152905236358059693e-02 9.384709476364194725e-01
1.656754965180891326e-02 9.834324503481910451e-01
2.836743730683897180e-01 7.163256269316102820e-01
1.569342158443532975e-01 8.430657841556465915e-01
5.258502510369199578e-01 4.741497489630800422e-01
2.994692424090490412e-01 7.005307575909510698e-01
5.820562311254197096e-01 4.179437688745802348e-01
5.507190389332301539e-01 4.492809610667699571e-01
4.360088560054736079e-02 9.563991143994526878e-01
5.677288629844293860e-03 9.943227113701557096e-01
2.524072836110000662e-01 7.475927163890001559e-01
2.683553318142944399e-01 7.316446681857056156e-01
5.098515637811033008e-01 4.901484362188965327e-01
6.547347900662333631e-01 3.452652099337667480e-01
1.439790129483444620e-02 9.856020987051656856e-01
2.821086492642209398e-02 9.717891350735781142e-01
8.802564246229714617e-02 9.119743575377028399e-01
2.211240916888309038e-01 7.788759083111689296e-01
3.491827045021606013e-01 6.508172954978393987e-01
6.384964599776535854e-01 3.615035400223462481e-01
4.239915833187546945e-01 5.760084166812452500e-01
1.899046962366880142e-01 8.100953037633121800e-01
1.024992922815212970e-07 9.999998975007077240e-01
9.389961488100044829e-01 6.100385118999548245e-02
6.901884235434299075e-01 3.098115764565702035e-01
5.182617214119339399e-01 4.817382785880661156e-01
7.830390174026068406e-01 2.169609825973929373e-01
2.865136172441141160e-01 7.134863827558859395e-01
2.441310485497060201e-01 7.558689514502939799e-01
5.285032925657861397e-02 9.471496707434213791e-01
7.811857742859597276e-02 9.218814225714041521e-01
2.317718722591773084e-01 7.682281277408228304e-01
2.787258856201471069e-01 7.212741143798527821e-01
1.062556206762879651e-02 9.893744379323711202e-01
1.926124350613859278e-08 9.999999807387563999e-01
7.874843354814335325e-03 9.921251566451856352e-01
4.298132828622532875e-01 5.701867171377467125e-01
8.104982654829214761e-01 1.895017345170786627e-01
6.354395867391042334e-03 9.936456041326089395e-01
3.806005057930243463e-01 6.193994942069757093e-01
1.539112588970717732e-01 8.460887411029280880e-01
3.567498455268554303e-02 9.643250154473145264e-01
4.775645454224004133e-03 9.952243545457760687e-01
6.300158411663640823e-02 9.369984158833635224e-01
6.132894728760639458e-01 3.867105271239360542e-01
2.247578813703763057e-01 7.752421186296237776e-01
2.104157953449774243e-01 7.895842046550225479e-01
5.232793748408784973e-01 4.767206251591216692e-01
2.655821347165275848e-01 7.344178652834724152e-01
5.735097312440042699e-02 9.426490268755995938e-01
5.308757040712984709e-01 4.691242959287015846e-01
5.546616975280646011e-01 4.453383024719354544e-01
1.442474611736558054e-01 8.557525388263441668e-01
8.491203078361290180e-01 1.508796921638708710e-01
2.073383688701837257e-01 7.926616311298162465e-01
5.687613495877276160e-01 4.312386504122723840e-01
5.659729521742912217e-01 4.340270478257088338e-01
2.838256284219939363e-01 7.161743715780061192e-01
6.902236639867538326e-01 3.097763360132461119e-01
6.072674939998418120e-01 3.927325060001581325e-01
2.922908399277410196e-01 7.077091600722590359e-01
7.236736740776177068e-02 9.276326325922380489e-01
2.673492186167812923e-01 7.326507813832183746e-01
1.640226042650683724e-01 8.359773957349316831e-01
1.625103739191781083e-01 8.374896260808217807e-01
6.592146443112584242e-01 3.407853556887414093e-01
1.645125396823132399e-02 9.835487460317685615e-01
5.682826390587359944e-01 4.317173609412641722e-01
5.234180499105675795e-03 9.947658195008943771e-01
2.406429680993162346e-01 7.593570319006837099e-01
8.190711624260252899e-01 1.809288375739746546e-01
8.344633761897651825e-02 9.165536623810235373e-01
4.259139630667130826e-03 9.957408603693329585e-01
5.000000000000000000e-01 5.000000000000000000e-01
8.672038319854469268e-01 1.327961680145531009e-01
2.703696943773014824e-02 9.729630305622698483e-01
3.724961564019533267e-01 6.275038435980466733e-01
7.877125340849664425e-01 2.122874659150333909e-01
5.116372258434772613e-01 4.883627741565228497e-01
1.191862351369500639e-01 8.808137648630499639e-01
6.166322213832636789e-01 3.833677786167364321e-01
3.911217490895474991e-01 6.088782509104526675e-01
7.838178176511841899e-01 2.161821823488157823e-01
2.858864639473980840e-01 7.141135360526021936e-01
5.621756567640389113e-01 4.378243432359611997e-01
2.974791061899432210e-01 7.025208938100567790e-01
4.413090337809816854e-01 5.586909662190182591e-01
7.703529685406357297e-02 9.229647031459364825e-01
8.883680315407809225e-01 1.116319684592190636e-01
9.892715740580339256e-02 9.010728425941968434e-01
5.000000000000000000e-01 5.000000000000000000e-01
8.645397046503938698e-02 9.135460295349605575e-01
3.584774395020124405e-01 6.415225604979876151e-01
6.966376015521649201e-01 3.033623984478352464e-01
2.007391572043688566e-01 7.992608427956308104e-01
6.046873667861424329e-01 3.953126332138575671e-01
4.436741248660280856e-01 5.563258751339720254e-01
4.018655432555131024e-01 5.981344567444870641e-01
4.032632222778592679e-01 5.967367777221408431e-01
1.890524032554841138e-01 8.109475967445159972e-01
5.986621256800181978e-01 4.013378743199818577e-01
1.840307939381368718e-01 8.159692060618634057e-01
2.886560757162195401e-01 7.113439242837802379e-01
5.659388880057016902e-01 4.340611119942983653e-01
5.935778165639150200e-02 9.406422183436085049e-01
7.803418811246686237e-01 2.196581188753312652e-01
5.000000000000000000e-01 5.000000000000000000e-01
5.552144668915330872e-01 4.447855331084670238e-01
3.127678252278467408e-01 6.872321747721532592e-01
4.289155894974280847e-02 9.571084410502573858e-01
4.361803164216592754e-01 5.638196835783407801e-01
5.944040614891762248e-02 9.405595938510824539e-01
1.511614279749590173e-01 8.488385720250409827e-01
7.931146672175294621e-02 9.206885332782471787e-01
1.785877427195094180e-01 8.214122572804908318e-01
3.404085011512053560e-01 6.595914988487944219e-01
2.894172559585692084e-01 7.105827440414308471e-01
3.378070586223871352e-01 6.621929413776127538e-01
1.189916748793090756e-01 8.810083251206909383e-01
1.029505819883019813e-01 8.970494180116977967e-01
5.823388029003137012e-01 4.176611970996862433e-01
3.141624078088236377e-02 9.685837592191177681e-01
8.443321333351645058e-03 9.915566786666485388e-01
5.556914076572153638e-01 4.443085923427845807e-01
2.006688740125228410e-01 7.993311259874770203e-01
3.553109441319364792e-01 6.446890558680634653e-01
5.633225777899271147e-01 4.366774222100726632e-01
3.547350877982892170e-01 6.452649122017108940e-01
1.840564969469215273e-01 8.159435030530786115e-01
5.371637327413356644e-01 4.628362672586642246e-01
4.366050552602535606e-01 5.633949447397463839e-01
4.457552114704876889e-02 9.554244788529510091e-01
3.127642744394202867e-01 6.872357255605799908e-01
4.982255378056325845e-02 9.501774462194366722e-01
5.856166098507468165e-01 4.143833901492531280e-01
2.191041909745994609e-01 7.808958090254005668e-01
3.832103665470757980e-01 6.167896334529243685e-01
4.925577050173526178e-02 9.507442294982646480e-01
1.562964847913967115e-01 8.437035152086033163e-01
1.624356390535695582e-01 8.375643609464303863e-01
6.913249098442075802e-02 9.308675090155791310e-01
1.263112599839985584e-01 8.736887400160016082e-01
2.408068037468470424e-01 7.591931962531530687e-01
1.892230705241580019e-02 9.810776929475844010e-01
1.622909376417673299e-01 8.377090623582328366e-01
1.798817816909500100e-01 8.201182183090499622e-01
1.956129606393494647e-02 9.804387039360649148e-01
3.313366202108734143e-02 9.668663379789123047e-01
6.668607010820679637e-01 3.331392989179320918e-01
2.842017116580386471e-03 9.971579828834197246e-01
4.133372693900675549e-02 9.586662730609932792e-01
2.091469288670022575e-01 7.908530711329977425e-01
2.268221761653164970e-02 9.773177823834682254e-01
7.070056769024474219e-01 2.929943230975526336e-01
4.748307755450248413e-02 9.525169224454974604e-01
2.812920630046659709e-01 7.187079369953338626e-01
6.191361409956086526e-01 3.808638590043912919e-01
2.419671169315937009e-01 7.580328830684062158e-01
6.070356559891103287e-02 9.392964344010887867e-01
8.047994248134678064e-02 9.195200575186531777e-01
6.233564240778942667e-01 3.766435759221058444e-01
4.194364899735358865e-02 9.580563510026464114e-01
2.984975811379792301e-03 9.970150241886202025e-01
1.544917097213608093e-01 8.455082902786392740e-01
4.631191775959284662e-01 5.368808224040715338e-01
9.430323865974543640e-02 9.056967613402544526e-01
6.767735649962333122e-01 3.232264350037667988e-01
1.770174485442446988e-01 8.229825514557551625e-01
6.980328015350450999e-01 3.019671984649550112e-01
2.779955757804638411e-02 9.722004424219538032e-01
4.624837153949220570e-01 5.375162846050779430e-01
4.906268499310856290e-02 9.509373150068913816e-01
7.579274022717690240e-01 2.420725977282310037e-01
1.146390968008389466e-01 8.853609031991611644e-01
2.578229331864714813e-01 7.421770668135285742e-01
5.807768519455177580e-01 4.192231480544822420e-01
7.919579942183160859e-02 9.208042005781681416e-01
2.405313319083356438e-01 7.594686680916643562e-01
6.088564209681573969e-02 9.391143579031844268e-01
1.543308177847863005e-02 9.845669182215213144e-01
5.143580036111703446e-01 4.856419963888295444e-01
7.497729612983307368e-02 9.250227038701668292e-01
1.521469622603771332e-01 8.478530377396230611e-01
4.777596051068871974e-01 5.222403948931130246e-01
3.968774379254642881e-02 9.603122562074538626e-01
1.310506399011756862e-01 8.689493600988245081e-01
3.068429003448394643e-02 9.693157099655159703e-01
6.642836508266848627e-02 9.335716349173316386e-01
3.312706745700736560e-02 9.668729325429927801e-01
2.996116033441092452e-01 7.003883966558908103e-01
6.181161440169157251e-01 3.818838559830843860e-01
2.254592278004712569e-01 7.745407721995286598e-01
7.361680212090401243e-01 2.638319787909597092e-01
1.888644016008012017e-02 9.811135598399198798e-01
1.476630761179619222e-01 8.523369238820381888e-01
1.415952506851149151e-01 8.584047493148849739e-01
1.167104598362525697e-01 8.832895401637474997e-01
7.106377036470449271e-01 2.893622963529547398e-01
1.866718309644813667e-01 8.133281690355186333e-01
3.630769981366338550e-02 9.636923001863367810e-01
8.774580816662362615e-02 9.122541918333763045e-01
1.853733874025590214e-02 9.814626612597437960e-01
6.207649606876511350e-02 9.379235039312349143e-01
2.351354654789487852e-02 9.764864534521051631e-01
6.838335039011953463e-03 9.931616649609880110e-01
4.885666485893884470e-03 9.951143335141060531e-01
1.056955207163003396e-01 8.943044792836996049e-01
1.187392139145751202e-01 8.812607860854249076e-01
2.295831721277144868e-02 9.770416827872284715e-01
3.317134806189017682e-01 6.682865193810979543e-01
2.838673039771121703e-02 9.716132696022884430e-01
5.599849619678545221e-01 4.400150380321454224e-01
7.700951168321931717e-02 9.229904883167806551e-01
4.761862374901477124e-01 5.238137625098524541e-01
1.130542127724521034e-01 8.869457872275479104e-01
1.737788320260187994e-02 9.826221167973981929e-01
1.150523092318711388e-01 8.849476907681289584e-01
1.516351484166795494e-01 8.483648515833205339e-01
5.173360166387187820e-02 9.482663983361281357e-01
3.098534995782295520e-01 6.901465004217702814e-01
1.023271200535081776e-01 8.976728799464916975e-01
1.986480705586390547e-02 9.801351929441363131e-01
1.057115820953378610e-01 8.942884179046620696e-01
1.183957170627158223e-05 9.999881604282937486e-01
2.497791437846334228e-01 7.502208562153663829e-01
4.572907886462014293e-01 5.427092113537986817e-01
3.386724807585442254e-02 9.661327519241453832e-01
4.255392688240391963e-01 5.744607311759609702e-01
2.916042414491962775e-01 7.083957585508037225e-01
1.303596972386381059e-01 8.696403027613619496e-01
7.458356922498450559e-02 9.254164307750153418e-01
5.711122991190973330e-01 4.288877008809026115e-01
4.536967674922472854e-02 9.546303232507752368e-01
9.674906323039970946e-02 9.032509367696001101e-01
8.366533383398891410e-02 9.163346661660111137e-01
3.930737913639523878e-02 9.606926208636048514e-01
1.822710350798103784e-01 8.177289649201897603e-01
2.150006172252109937e-01 7.849993827747890895e-01
7.963274821250655375e-03 9.920367251787490792e-01
2.352897429878967467e-02 9.764710257012102490e-01
5.674536975957040347e-02 9.432546302404294369e-01
2.866548597316457420e-02 9.713345140268354605e-01
2.742397771105603999e-03 9.972576022288943687e-01
1.748872758289387319e-01 8.251127241710614069e-01
4.630486206631905660e-02 9.536951379336808809e-01
2.356397689323016520e-01 7.643602310676984590e-01
1.151003760095329759e-01 8.848996239904671768e-01
1.720095721679145429e-01 8.279904278320855404e-01
9.403999489542405610e-02 9.059600051045760827e-01
4.510863036132978232e-02 9.548913696386702732e-01
6.540298270006394965e-02 9.345970172999361614e-01
1.674256867391365478e-01 8.325743132608637298e-01
7.304804387613843611e-03 9.926951956123860610e-01
1.806444631316575511e-02 9.819355536868341616e-01
1.047227393495081676e-01 8.952772606504918462e-01
5.197125746160095039e-01 4.802874253839902741e-01
6.532469795259917555e-01 3.467530204740082445e-01
5.655013666112517629e-02 9.434498633388745947e-01
2.028863958337136786e-01 7.971136041662861826e-01
4.294906968904588229e-01 5.705093031095411771e-01
2.762829887994047370e-02 9.723717011200595506e-01
8.085149605973450393e-02 9.191485039402655932e-01
1.976240803453493608e-02 9.802375919654648939e-01
7.212747742253389216e-02 9.278725225774663299e-01
9.978070172201900512e-01 2.192982779809924104e-03
2.069948203352366678e-01 7.930051796647634710e-01
5.325222225130544773e-01 4.674777774869454672e-01
7.736907278919345765e-02 9.226309272108065285e-01
9.518503853527674474e-01 4.814961464723254564e-02
1.200742649820590591e-01 8.799257350179410242e-01
7.272447014933541842e-02 9.272755298506645261e-01
5.964938039751145442e-03 9.940350619602489335e-01
1.615990037123192849e-02 9.838400996287680611e-01
7.332902580466840181e-01 2.667097419533159819e-01
1.416070696890337974e-02 9.858392930310967417e-01
1.583213544386672181e-02 9.841678645561334760e-01
1.714736727825602325e-01 8.285263272174399063e-01
6.747810542518739574e-02 9.325218945748127153e-01
4.644529802518227446e-01 5.355470197481771999e-01
3.202082959738433449e-03 9.967979170402614386e-01
5.507411535220155807e-01 4.492588464779844193e-01
9.984020131168694911e-01 1.597986883130566530e-03
7.086865165309272907e-01 2.913134834690725983e-01
2.994534684814674219e-01 7.005465315185326336e-01
4.195878309093303143e-02 9.580412169090671837e-01
4.208798399642944311e-03 9.957912016003571676e-01
2.862866973023124942e-02 9.713713302697687402e-01
9.353890180155132184e-01 6.461098198448675389e-02
7.265512566505843983e-02 9.273448743349415047e-01
3.456362309035957425e-01 6.543637690964043685e-01
2.726716615626646730e-07 9.999997273283384169e-01
7.106992337040101138e-01 2.893007662959903303e-01
3.205320594939681245e-02 9.679467940506032431e-01
1.775560537449265286e-01 8.224439462550735547e-01
6.031649165044600247e-01 3.968350834955398088e-01
1.725807378436124140e-01 8.274192621563876138e-01
2.864638261351634425e-03 9.971353617386484736e-01
7.392072950743238113e-01 2.607927049256762442e-01
1.432119589128760806e-02 9.856788041087123364e-01
5.871482652695209775e-02 9.412851734730478537e-01
5.000000000000000000e-01 5.000000000000000000e-01
1.209948747046754730e-01 8.790051252953244854e-01
9.999064749529136265e-01 9.352504708637539039e-05
4.146157145768585850e-01 5.853842854231414705e-01
1.261053761599988665e-01 8.738946238400011612e-01
3.277283441764486382e-01 6.722716558235511952e-01
5.698678136828861929e-01 4.301321863171136961e-01
1.279587725896506600e-01 8.720412274103493955e-01
6.474054206373343057e-01 3.525945793626656943e-01
2.985323728501266816e-01 7.014676271498730964e-01
5.109192881903225070e-01 4.890807118096772710e-01
5.000000000000000000e-01 5.000000000000000000e-01
5.575080679465107408e-02 9.442491932053489467e-01
2.810116069157371499e-02 9.718988393084263544e-01
6.435508004938536031e-01 3.564491995061464524e-01
5.973542156042435138e-03 9.940264578439576004e-01
4.720396349705476280e-01 5.279603650294525385e-01
1.857898431841349951e-01 8.142101568158649494e-01
1.947110719103600091e-02 9.805288928089639366e-01
2.867154475226918464e-01 7.132845524773081536e-01
3.414882790348226088e-02 9.658511720965177183e-01
4.856654755361567571e-02 9.514334524463841092e-01
5.787731701840078541e-02 9.421226829815991799e-01
3.537826277018673027e-01 6.462173722981325863e-01
2.326264032634937085e-01 7.673735967365064026e-01
8.214335461927141369e-02 9.178566453807284198e-01
1.460038362786029997e-01 8.539961637213967505e-01
1.088632673991409283e-01 8.911367326008592382e-01
3.825362697310690785e-01 6.174637302689309770e-01
7.096480361207284371e-02 9.290351963879270869e-01
9.697232345908284035e-02 9.030276765409172013e-01
1.135603628334880266e-02 9.886439637166513084e-01
1.734050536171015400e-01 8.265949463828985433e-01
2.328019784679540016e-01 7.671980215320461927e-01
1.762491390131664948e-01 8.237508609868335885e-01
1.496371668536825884e-02 9.850362833146317776e-01
2.397194041338718273e-02 9.760280595866128728e-01
4.365211639408225208e-01 5.634788360591774792e-01
4.976574759234603240e-02 9.502342524076539121e-01
2.011118311391311142e-01 7.988881688608687748e-01
5.561771327663302816e-03 9.944382286723367770e-01
5.990735523767982962e-02 9.400926447623203508e-01
6.940782701771038843e-01 3.059217298228959492e-01
2.075835249263726159e-02 9.792416475073628668e-01
3.239823637107375892e-02 9.676017636289262480e-01
2.780761479963000382e-01 7.219238520036997953e-01
5.930750059205837088e-01 4.069249940794162912e-01
1.471995071423906343e-01 8.528004928576092825e-01
1.007844270637851293e-02 9.899215572936214125e-01
1.639021425867393661e-02 9.836097857413259593e-01
5.437757407696532097e-02 9.456224259230344709e-01
6.494191095040822148e-01 3.505808904959178962e-01
7.666923111767074417e-01 2.333076888232926971e-01
9.237427614671067655e-02 9.076257238532892124e-01
1.050639706151463258e-02 9.894936029384855392e-01
4.259123771628088861e-01 5.740876228371911694e-01
6.188728935833732736e-01 3.811271064166266154e-01
6.899989668529382669e-02 9.310001033147059513e-01
7.942355357928294612e-01 2.057644642071705665e-01
1.535642977256011787e-01 8.464357022743987935e-01
3.848927056975434691e-02 9.615107294302455143e-01
7.004881337588515500e-01 2.995118662411485055e-01
6.306238919495649187e-01 3.693761080504350258e-01
6.641801694554629876e-01 3.358198305445369569e-01
8.277404544316623036e-02 9.172259545568338668e-01
2.673850205733156737e-02 9.732614979426684743e-01
2.077093249520745311e-01 7.922906750479257187e-01
7.466302584600330583e-01 2.533697415399668307e-01
7.868154159815322901e-02 9.213184584018468959e-01
4.790648431352353409e-01 5.209351568647647701e-01
1.632855642250576056e-01 8.367144357749424222e-01
4.801104911214914422e-02 9.519889508878510709e-01
1.986056446168583955e-01 8.013943553831417432e-01
3.550414237804875306e-01 6.449585762195124694e-01
8.782854452998802020e-02 9.121714554700122157e-01
1.106415116703608238e-02 9.889358488329641483e-01
1.014830351666590469e-01 8.985169648333407588e-01
1.332230800535252058e-01 8.667769199464748775e-01
3.647657032957097450e-02 9.635234296704289214e-01
3.946765169500303649e-01 6.053234830499697461e-01
3.562724427148832029e-02 9.643727557285116658e-01
8.040814936784531630e-01 1.959185063215469202e-01
1.080011240494744701e-01 8.919988759505255160e-01
9.360560018421131001e-02 9.063943998157887316e-01
2.810594488996556034e-02 9.718940551100342384e-01
4.173809199854233154e-01 5.826190800145765181e-01
5.814881032954551110e-02 9.418511896704546693e-01
6.792623207448159617e-01 3.207376792551839273e-01
1.013019339695032384e-01 8.986980660304965118e-01
6.542947049114568314e-02 9.345705295088544418e-01
1.150169324091529222e-01 8.849830675908469946e-01
6.388725698890815874e-01 3.611274301109185236e-01
1.303259651007867559e-01 8.696740348992132441e-01
6.857502266763797205e-02 9.314249773323620696e-01
1.844285821471826903e-01 8.155714178528172820e-01
3.595670884358054820e-01 6.404329115641943515e-01
8.669440888770102438e-01 1.330559111229896452e-01
6.519318815331839323e-01 3.480681184668160122e-01
7.803885975999960700e-02 9.219611402400004208e-01
9.270713604998073176e-01 7.292863950019266850e-02
4.929292901389146359e-02 9.507070709861082936e-01
7.617762522992745089e-02 9.238223747700725630e-01
9.475230110877825851e-01 5.247698891221731082e-02
1.709727305045286860e-01 8.290272694954712307e-01
4.887738827773474015e-01 5.112261172226526540e-01
5.824388496931097725e-01 4.175611503068902275e-01
1.528414416182459316e-02 9.847158558381752247e-01
4.011691958677804370e-01 5.988308041322196740e-01
7.295170652957711464e-03 9.927048293470424056e-01
1.311672057726923912e-01 8.688327942273076365e-01
3.159179943730753282e-01 6.840820056269246718e-01
1.326371846939075616e-01 8.673628153060927160e-01
7.640862283016959244e-01 2.359137716983042143e-01
6.435438041708022583e-01 3.564561958291976862e-01
5.832584621539659286e-01 4.167415378460341824e-01
5.853093137695267734e-01 4.146906862304732821e-01
1.032140550477112645e-02 9.896785944952286584e-01
8.460471078479957566e-03 9.915395289215199748e-01
4.274305064096049767e-02 9.572569493590394885e-01
4.732503281605017209e-01 5.267496718394981681e-01
1.328209136389187084e-01 8.671790863610812083e-01
3.019666816892708772e-01 6.980333183107291228e-01
8.631708659125066074e-02 9.136829134087492976e-01
6.700367265834941133e-01 3.299632734165058312e-01
6.598368127292786323e-01 3.401631872707214788e-01
7.030629077820359230e-02 9.296937092217963938e-01
1.670983099376611297e-02 9.832901690062340050e-01
2.288170818319259781e-01 7.711829181680740497e-01
9.999863994186158900e-01 1.360058138411667803e-05
2.452655294119294449e-01 7.547344705880705273e-01
5.000000000000000000e-01 5.000000000000000000e-01
8.274406002826243389e-01 1.725593997173757166e-01
3.095863114666620453e-01 6.904136885333381768e-01
1.615454032601315038e-01 8.384545967398686628e-01
8.782963053876825521e-01 1.217036946123172814e-01
5.315588777620902095e-01 4.684411222379099571e-01
2.048678291830056258e-02 9.795132170816993611e-01
6.186461734719337358e-01 3.813538265280663753e-01
3.312785652542222792e-01 6.687214347457778318e-01
9.420756674858112023e-02 9.057924332514188936e-01
5.758447771790932250e-03 9.942415522282089801e-01
6.626018080813338429e-01 3.373981919186659906e-01
2.062194519160482631e-01 7.937805480839518202e-01
1.825836515222299394e-01 8.174163484777698940e-01
9.329735589417478825e-02 9.067026441058252395e-01
2.615805285536554892e-01 7.384194714463444553e-01
2.633496561152848803e-01 7.366503438847151752e-01
4.800567839830767181e-01 5.199432160169232819e-01
2.223114972206852169e-01 7.776885027793148941e-01
3.617309119518734295e-02 9.638269088048126987e-01
3.216235380949381550e-01 6.783764619050616229e-01
3.687823274647198946e-01 6.312176725352800499e-01
3.608702321009727137e-03 9.963912976789902620e-01
7.502675719935921750e-01 2.497324280064076862e-01
3.651110938224735869e-01 6.348889061775262466e-01
5.758126841962357689e-01 4.241873158037640645e-01
1.573934207353741913e-02 9.842606579264627786e-01
7.256986893053912063e-03 9.927430131069461261e-01
5.681964971836545031e-01 4.318035028163453859e-01
2.026309151882619841e-01 7.973690848117379604e-01
2.756113535106666790e-01 7.243886464893330990e-01
2.030874564829499365e-02 9.796912543517051208e-01
1.957975825549223836e-01 8.042024174450778107e-01
6.688444337142185336e-01 3.311555662857814109e-01
1.457388461393021792e-02 9.854261153860697231e-01
1.112093438005701089e-02 9.888790656199429874e-01
6.185899682500258789e-01 3.814100317499741766e-01
7.853442576950165899e-01 2.146557423049833824e-01
4.720331940565632850e-02 9.527966805943436368e-01
6.235739417836424874e-03 9.937642605821634945e-01
2.974049711582567590e-01 7.025950288417429634e-01
6.202476512848169587e-01 3.797523487151831523e-01
3.326056082373753386e-01 6.673943917626247169e-01
2.132758319760259466e-02 9.786724168023973602e-01
1.069458837626454384e-01 8.930541162373546449e-01
4.121763243953661948e-02 9.587823675604633111e-01
9.982355205974228207e-01 1.764479402577218744e-03
5.842460121909367476e-01 4.157539878090630303e-01
4.089227429027354754e-02 9.591077257097264663e-01
4.734016814587609367e-01 5.265983185412390633e-01
3.719876381304250690e-01 6.280123618695750976e-01
6.736379372521315682e-03 9.932636206274787494e-01
5.014756625098417547e-02 9.498524337490158453e-01
2.511592481221847639e-01 7.488407518778151806e-01
3.509444939770285932e-01 6.490555060229714623e-01
3.815354839736297965e-01 6.184645160263700925e-01
2.283426158668424855e-01 7.716573841331574313e-01
3.557866007933095931e-01 6.442133992066904069e-01
7.391954330917490518e-03 9.926080456690825615e-01
7.601133711004368076e-02 9.239886628899566245e-01
2.484450256918023167e-02 9.751554974308199730e-01
3.529257471235415777e-01 6.470742528764582557e-01
6.152905236358059693e-02 9.384709476364194725e-01
1.656754965180891326e-02 9.834324503481910451e-01
2.836743730683897180e-01 7.163256269316102820e-01
1.569342158443532975e-01 8.430657841556465915e-01
5.258502510369199578e-01 4.741497489630800422e-01
2.994692424090490412e-01 7.005307575909510698e-01
5.820562311254197096e-01 4.179437688745802348e-01
5.507190389332301539e-01 4.492809610667699571e-01
4.360088560054736079e-02 9.563991143994526878e-01
5.677288629844293860e-03 9.943227113701557096e-01
2.524072836110000662e-01 7.475927163890001559e-01
2.683553318142944399e-01 7.316446681857056156e-01
5.098515637811033008e-01 4.901484362188965327e-01
6.547347900662333631e-01 3.452652099337667480e-01
1.439790129483444620e-02 9.856020987051656856e-01
2.821086492642209398e-02 9.717891350735781142e-01
8.802564246229714617e-02 9.119743575377028399e-01
2.211240916888309038e-01 7.788759083111689296e-01
3.491827045021606013e-01 6.508172954978393987e-01
6.384964599776535854e-01 3.615035400223462481e-01
4.239915833187546945e-01 5.760084166812452500e-01
1.899046962366880142e-01 8.100953037633121800e-01
1.024992922815212970e-07 9.999998975007077240e-01
9.389961488100044829e-01 6.100385118999548245e-02
6.901884235434299075e-01 3.098115764565702035e-01
5.182617214119339399e-01 4.817382785880661156e-01
7.830390174026068406e-01 2.169609825973929373e-01
2.865136172441141160e-01 7.134863827558859395e-01
2.441310485497060201e-01 7.558689514502939799e-01
5.285032925657861397e-02 9.471496707434213791e-01
7.811857742859597276e-02 9.218814225714041521e-01
2.317718722591773084e-01 7.682281277408228304e-01
2.787258856201471069e-01 7.212741143798527821e-01
1.062556206762879651e-02 9.893744379323711202e-01
1.926124350613859278e-08 9.999999807387563999e-01
7.874843354814335325e-03 9.921251566451856352e-01
4.298132828622532875e-01 5.701867171377467125e-01
8.104982654829214761e-01 1.895017345170786627e-01
6.354395867391042334e-03 9.936456041326089395e-01
3.806005057930243463e-01 6.193994942069757093e-01
1.539112588970717732e-01 8.460887411029280880e-01
3.567498455268554303e-02 9.643250154473145264e-01
4.775645454224004133e-03 9.952243545457760687e-01
6.300158411663640823e-02 9.369984158833635224e-01
6.132894728760639458e-01 3.867105271239360542e-01
2.247578813703763057e-01 7.752421186296237776e-01
2.104157953449774243e-01 7.895842046550225479e-01
5.232793748408784973e-01 4.767206251591216692e-01
2.655821347165275848e-01 7.344178652834724152e-01
5.735097312440042699e-02 9.426490268755995938e-01
5.308757040712984709e-01 4.691242959287015846e-01
5.546616975280646011e-01 4.453383024719354544e-01
1.442474611736558054e-01 8.557525388263441668e-01
8.491203078361290180e-01 1.508796921638708710e-01
2.073383688701837257e-01 7.926616311298162465e-01
5.687613495877276160e-01 4.312386504122723840e-01
5.659729521742912217e-01 4.340270478257088338e-01
2.838256284219939363e-01 7.161743715780061192e-01
6.902236639867538326e-01 3.097763360132461119e-01
6.072674939998418120e-01 3.927325060001581325e-01
2.922908399277410196e-01 7.077091600722590359e-01
7.236736740776177068e-02 9.276326325922380489e-01
2.673492186167812923e-01 7.326507813832183746e-01
1.640226042650683724e-01 8.359773957349316831e-01
1.625103739191781083e-01 8.374896260808217807e-01
6.592146443112584242e-01 3.407853556887414093e-01
1.645125396823132399e-02 9.835487460317685615e-01
5.682826390587359944e-01 4.317173609412641722e-01
5.234180499105675795e-03 9.947658195008943771e-01
2.406429680993162346e-01 7.593570319006837099e-01
8.190711624260252899e-01 1.809288375739746546e-01
8.344633761897651825e-02 9.165536623810235373e-01
4.259139630667130826e-03 9.957408603693329585e-01
5.000000000000000000e-01 5.000000000000000000e-01
8.672038319854469268e-01 1.327961680145531009e-01
2.703696943773014824e-02 9.729630305622698483e-01
3.724961564019533267e-01 6.275038435980466733e-01
7.877125340849664425e-01 2.122874659150333909e-01
5.116372258434772613e-01 4.883627741565228497e-01
1.191862351369500639e-01 8.808137648630499639e-01
6.166322213832636789e-01 3.833677786167364321e-01
3.911217490895474991e-01 6.088782509104526675e-01
7.838178176511841899e-01 2.161821823488157823e-01
2.858864639473980840e-01 7.141135360526021936e-01
5.621756567640389113e-01 4.378243432359611997e-01
2.974791061899432210e-01 7.025208938100567790e-01
4.413090337809816854e-01 5.586909662190182591e-01
7.703529685406357297e-02 9.229647031459364825e-01
8.883680315407809225e-01 1.116319684592190636e-01
9.892715740580339256e-02 9.010728425941968434e-01
5.000000000000000000e-01 5.000000000000000000e-01
8.645397046503938698e-02 9.135460295349605575e-01
3.584774395020124405e-01 6.415225604979876151e-01
6.966376015521649201e-01 3.033623984478352464e-01
2.007391572043688566e-01 7.992608427956308104e-01
6.046873667861424329e-01 3.953126332138575671e-01
4.436741248660280856e-01 5.563258751339720254e-01
4.018655432555131024e-01 5.981344567444870641e-01
4.032632222778592679e-01 5.967367777221408431e-01
1.890524032554841138e-01 8.109475967445159972e-01
5.986621256800181978e-01 4.013378743199818577e-01
1.840307939381368718e-01 8.159692060618634057e-01
2.886560757162195401e-01 7.113439242837802379e-01
5.659388880057016902e-01 4.340611119942983653e-01
5.935778165639150200e-02 9.406422183436085049e-01
7.803418811246686237e-01 2.196581188753312652e-01
5.000000000000000000e-01 5.000000000000000000e-01
5.552144668915330872e-01 4.447855331084670238e-01
3.127678252278467408e-01 6.872321747721532592e-01
4.289155894974280847e-02 9.571084410502573858e-01
4.361803164216592754e-01 5.638196835783407801e-01
5.944040614891762248e-02 9.405595938510824539e-01
1.511614279749590173e-01 8.488385720250409827e-01
7.931146672175294621e-02 9.206885332782471787e-01
1.785877427195094180e-01 8.214122572804908318e-01
3.404085011512053560e-01 6.595914988487944219e-01
2.894172559585692084e-01 7.105827440414308471e-01
3.378070586223871352e-01 6.621929413776127538e-01
1.189916748793090756e-01 8.810083251206909383e-01
1.029505819883019813e-01 8.970494180116977967e-01
5.823388029003137012e-01 4.176611970996862433e-01
3.141624078088236377e-02 9.685837592191177681e-01
8.443321333351645058e-03 9.915566786666485388e-01
5.556914076572153638e-01 4.443085923427845807e-01
2.006688740125228410e-01 7.993311259874770203e-01
3.553109441319364792e-01 6.446890558680634653e-01
5.633225777899271147e-01 4.366774222100726632e-01
3.547350877982892170e-01 6.452649122017108940e-01
1.840564969469215273e-01 8.159435030530786115e-01
5.371637327413356644e-01 4.628362672586642246e-01
4.366050552602535606e-01 5.633949447397463839e-01
4.457552114704876889e-02 9.554244788529510091e-01
3.127642744394202867e-01 6.872357255605799908e-01
4.982255378056325845e-02 9.501774462194366722e-01
5.856166098507468165e-01 4.143833901492531280e-01
2.191041909745994609e-01 7.808958090254005668e-01
3.832103665470757980e-01 6.167896334529243685e-01
4.925577050173526178e-02 9.507442294982646480e-01
1.562964847913967115e-01 8.437035152086033163e-01
1.624356390535695582e-01 8.375643609464303863e-01
6.913249098442075802e-02 9.308675090155791310e-01
1.263112599839985584e-01 8.736887400160016082e-01
2.408068037468470424e-01 7.591931962531530687e-01
1.892230705241580019e-02 9.810776929475844010e-01
1.622909376417673299e-01 8.377090623582328366e-01
1.798817816909500100e-01 8.201182183090499622e-01
1.956129606393494647e-02 9.804387039360649148e-01
3.313366202108734143e-02 9.668663379789123047e-01
6.668607010820679637e-01 3.331392989179320918e-01
2.842017116580386471e-03 9.971579828834197246e-01
4.133372693900675549e-02 9.586662730609932792e-01
2.091469288670022575e-01 7.908530711329977425e-01
2.268221761653164970e-02 9.773177823834682254e-01
7.070056769024474219e-01 2.929943230975526336e-01
4.748307755450248413e-02 9.525169224454974604e-01
2.812920630046659709e-01 7.187079369953338626e-01
6.191361409956086526e-01 3.808638590043912919e-01
2.419671169315937009e-01 7.580328830684062158e-01
6.070356559891103287e-02 9.392964344010887867e-01
8.047994248134678064e-02 9.195200575186531777e-01
6.233564240778942667e-01 3.766435759221058444e-01
4.194364899735358865e-02 9.580563510026464114e-01
2.984975811379792301e-03 9.970150241886202025e-01
1.544917097213608093e-01 8.455082902786392740e-01
4.631191775959284662e-01 5.368808224040715338e-01
9.430323865974543640e-02 9.056967613402544526e-01
6.767735649962333122e-01 3.232264350037667988e-01
1.770174485442446988e-01 8.229825514557551625e-01
6.980328015350450999e-01 3.019671984649550112e-01
2.779955757804638411e-02 9.722004424219538032e-01
4.624837153949220570e-01 5.375162846050779430e-01
4.906268499310856290e-02 9.509373150068913816e-01
7.579274022717690240e-01 2.420725977282310037e-01
1.146390968008389466e-01 8.853609031991611644e-01
2.578229331864714813e-01 7.421770668135285742e-01
5.807768519455177580e-01 4.192231480544822420e-01
7.919579942183160859e-02 9.208042005781681416e-01
2.405313319083356438e-01 7.594686680916643562e-01
6.088564209681573969e-02 9.391143579031844268e-01
1.543308177847863005e-02 9.845669182215213144e-01
5.143580036111703446e-01 4.856419963888295444e-01
7.497729612983307368e-02 9.250227038701668292e-01
1.521469622603771332e-01 8.478530377396230611e-01
4.777596051068871974e-01 5.222403948931130246e-01
3.968774379254642881e-02 9.603122562074538626e-01
1.310506399011756862e-01 8.689493600988245081e-01
3.068429003448394643e-02 9.693157099655159703e-01
6.642836508266848627e-02 9.335716349173316386e-01
3.312706745700736560e-02 9.668729325429927801e-01
2.996116033441092452e-01 7.003883966558908103e-01
6.181161440169157251e-01 3.818838559830843860e-01
2.254592278004712569e-01 7.745407721995286598e-01
7.361680212090401243e-01 2.638319787909597092e-01
1.888644016008012017e-02 9.811135598399198798e-01
1.476630761179619222e-01 8.523369238820381888e-01
1.415952506851149151e-01 8.584047493148849739e-01
1.167104598362525697e-01 8.832895401637474997e-01
7.106377036470449271e-01 2.893622963529547398e-01
1.866718309644813667e-01 8.133281690355186333e-01
3.630769981366338550e-02 9.636923001863367810e-01
8.774580816662362615e-02 9.122541918333763045e-01
1.853733874025590214e-02 9.814626612597437960e-01
6.207649606876511350e-02 9.379235039312349143e-01
2.351354654789487852e-02 9.764864534521051631e-01
6.838335039011953463e-03 9.931616649609880110e-01
4.885666485893884470e-03 9.951143335141060531e-01
1.056955207163003396e-01 8.943044792836996049e-01
1.187392139145751202e-01 8.812607860854249076e-01
2.295831721277144868e-02 9.770416827872284715e-01
3.317134806189017682e-01 6.682865193810979543e-01
2.838673039771121703e-02 9.716132696022884430e-01
5.599849619678545221e-01 4.400150380321454224e-01
7.700951168321931717e-02 9.229904883167806551e-01
4.761862374901477124e-01 5.238137625098524541e-01
1.130542127724521034e-01 8.869457872275479104e-01
1.737788320260187994e-02 9.826221167973981929e-01
1.150523092318711388e-01 8.849476907681289584e-01
1.516351484166795494e-01 8.483648515833205339e-01
5.173360166387187820e-02 9.482663983361281357e-01
3.098534995782295520e-01 6.901465004217702814e-01
1.023271200535081776e-01 8.976728799464916975e-01
1.986480705586390547e-02 9.801351929441363131e-01
1.057115820953378610e-01 8.942884179046620696e-01
1.183957170627158223e-05 9.999881604282937486e-01
2.497791437846334228e-01 7.502208562153663829e-01
4.572907886462014293e-01 5.427092113537986817e-01
3.386724807585442254e-02 9.661327519241453832e-01
4.255392688240391963e-01 5.744607311759609702e-01
2.916042414491962775e-01 7.083957585508037225e-01
1.303596972386381059e-01 8.696403027613619496e-01
7.458356922498450559e-02 9.254164307750153418e-01
5.711122991190973330e-01 4.288877008809026115e-01
4.536967674922472854e-02 9.546303232507752368e-01
9.674906323039970946e-02 9.032509367696001101e-01
8.366533383398891410e-02 9.163346661660111137e-01
3.930737913639523878e-02 9.606926208636048514e-01
1.822710350798103784e-01 8.177289649201897603e-01
2.150006172252109937e-01 7.849993827747890895e-01
7.963274821250655375e-03 9.920367251787490792e-01
2.352897429878967467e-02 9.764710257012102490e-01
5.674536975957040347e-02 9.432546302404294369e-01
2.866548597316457420e-02 9.713345140268354605e-01
2.742397771105603999e-03 9.972576022288943687e-01
1.748872758289387319e-01 8.251127241710614069e-01
4.630486206631905660e-02 9.536951379336808809e-01
2.356397689323016520e-01 7.643602310676984590e-01
1.151003760095329759e-01 8.848996239904671768e-01
1.720095721679145429e-01 8.279904278320855404e-01
9.403999489542405610e-02 9.059600051045760827e-01
4.510863036132978232e-02 9.548913696386702732e-01
6.540298270006394965e-02 9.345970172999361614e-01
1.674256867391365478e-01 8.325743132608637298e-01
7.304804387613843611e-03 9.926951956123860610e-01
1.806444631316575511e-02 9.819355536868341616e-01
1.047227393495081676e-01 8.952772606504918462e-01
5.197125746160095039e-01 4.802874253839902741e-01
6.532469795259917555e-01 3.467530204740082445e-01
5.655013666112517629e-02 9.434498633388745947e-01
2.028863958337136786e-01 7.971136041662861826e-01
4.294906968904588229e-01 5.705093031095411771e-01
2.762829887994047370e-02 9.723717011200595506e-01
8.085149605973450393e-02 9.191485039402655932e-01
1.976240803453493608e-02 9.802375919654648939e-01
7.212747742253389216e-02 9.278725225774663299e-01
9.978070172201900512e-01 2.192982779809924104e-03
2.069948203352366678e-01 7.930051796647634710e-01
5.325222225130544773e-01 4.674777774869454672e-01
7.736907278919345765e-02 9.226309272108065285e-01
9.518503853527674474e-01 4.814961464723254564e-02
1.200742649820590591e-01 8.799257350179410242e-01
7.272447014933541842e-02 9.272755298506645261e-01
5.964938039751145442e-03 9.940350619602489335e-01
1.615990037123192849e-02 9.838400996287680611e-01
7.332902580466840181e-01 2.667097419533159819e-01
1.416070696890337974e-02 9.858392930310967417e-01
1.583213544386672181e-02 9.841678645561334760e-01
1.714736727825602325e-01 8.285263272174399063e-01
6.747810542518739574e-02 9.325218945748127153e-01
4.644529802518227446e-01 5.355470197481771999e-01
3.202082959738433449e-03 9.967979170402614386e-01
5.507411535220155807e-01 4.492588464779844193e-01
9.984020131168694911e-01 1.597986883130566530e-03
7.086865165309272907e-01 2.913134834690725983e-01
2.994534684814674219e-01 7.005465315185326336e-01
4.195878309093303143e-02 9.580412169090671837e-01
4.208798399642944311e-03 9.957912016003571676e-01
2.862866973023124942e-02 9.713713302697687402e-01
9.353890180155132184e-01 6.461098198448675389e-02
7.265512566505843983e-02 9.273448743349415047e-01
3.456362309035957425e-01 6.543637690964043685e-01
2.726716615626646730e-07 9.999997273283384169e-01
7.106992337040101138e-01 2.893007662959903303e-01
3.205320594939681245e-02 9.679467940506032431e-01
1.775560537449265286e-01 8.224439462550735547e-01
6.031649165044600247e-01 3.968350834955398088e-01
1.725807378436124140e-01 8.274192621563876138e-01
2.864638261351634425e-03 9.971353617386484736e-01
7.392072950743238113e-01 2.607927049256762442e-01
1.432119589128760806e-02 9.856788041087123364e-01
5.871482652695209775e-02 9.412851734730478537e-01
5.000000000000000000e-01 5.000000000000000000e-01
1.209948747046754730e-01 8.790051252953244854e-01
9.999064749529136265e-01 9.352504708637539039e-05
4.146157145768585850e-01 5.853842854231414705e-01
1.261053761599988665e-01 8.738946238400011612e-01
3.277283441764486382e-01 6.722716558235511952e-01
5.698678136828861929e-01 4.301321863171136961e-01
1.279587725896506600e-01 8.720412274103493955e-01
6.474054206373343057e-01 3.525945793626656943e-01
2.985323728501266816e-01 7.014676271498730964e-01
5.109192881903225070e-01 4.890807118096772710e-01
5.000000000000000000e-01 5.000000000000000000e-01
5.575080679465107408e-02 9.442491932053489467e-01
2.810116069157371499e-02 9.718988393084263544e-01
6.435508004938536031e-01 3.564491995061464524e-01
5.973542156042435138e-03 9.940264578439576004e-01
4.720396349705476280e-01 5.279603650294525385e-01
1.857898431841349951e-01 8.142101568158649494e-01
1.947110719103600091e-02 9.805288928089639366e-01
2.867154475226918464e-01 7.132845524773081536e-01
3.414882790348226088e-02 9.658511720965177183e-01
4.856654755361567571e-02 9.514334524463841092e-01
5.787731701840078541e-02 9.421226829815991799e-01
3.537826277018673027e-01 6.462173722981325863e-01
2.326264032634937085e-01 7.673735967365064026e-01
8.214335461927141369e-02 9.178566453807284198e-01
1.460038362786029997e-01 8.539961637213967505e-01
1.088632673991409283e-01 8.911367326008592382e-01
3.825362697310690785e-01 6.174637302689309770e-01
7.096480361207284371e-02 9.290351963879270869e-01
9.697232345908284035e-02 9.030276765409172013e-01
1.135603628334880266e-02 9.886439637166513084e-01
1.734050536171015400e-01 8.265949463828985433e-01
2.328019784679540016e-01 7.671980215320461927e-01
1.762491390131664948e-01 8.237508609868335885e-01
1.496371668536825884e-02 9.850362833146317776e-01
2.397194041338718273e-02 9.760280595866128728e-01
4.365211639408225208e-01 5.634788360591774792e-01
4.976574759234603240e-02 9.502342524076539121e-01
2.011118311391311142e-01 7.988881688608687748e-01
5.561771327663302816e-03 9.944382286723367770e-01
5.990735523767982962e-02 9.400926447623203508e-01
6.940782701771038843e-01 3.059217298228959492e-01
2.075835249263726159e-02 9.792416475073628668e-01
3.239823637107375892e-02 9.676017636289262480e-01
2.780761479963000382e-01 7.219238520036997953e-01
5.930750059205837088e-01 4.069249940794162912e-01
1.471995071423906343e-01 8.528004928576092825e-01
1.007844270637851293e-02 9.899215572936214125e-01
1.639021425867393661e-02 9.836097857413259593e-01
5.437757407696532097e-02 9.456224259230344709e-01
6.494191095040822148e-01 3.505808904959178962e-01
7.666923111767074417e-01 2.333076888232926971e-01
9.237427614671067655e-02 9.076257238532892124e-01
1.050639706151463258e-02 9.894936029384855392e-01
4.259123771628088861e-01 5.740876228371911694e-01
6.188728935833732736e-01 3.811271064166266154e-01
6.899989668529382669e-02 9.310001033147059513e-01
7.942355357928294612e-01 2.057644642071705665e-01
1.535642977256011787e-01 8.464357022743987935e-01
3.848927056975434691e-02 9.615107294302455143e-01
7.004881337588515500e-01 2.995118662411485055e-01
6.306238919495649187e-01 3.693761080504350258e-01
6.641801694554629876e-01 3.358198305445369569e-01
8.277404544316623036e-02 9.172259545568338668e-01
2.673850205733156737e-02 9.732614979426684743e-01
2.077093249520745311e-01 7.922906750479257187e-01
7.466302584600330583e-01 2.533697415399668307e-01
7.868154159815322901e-02 9.213184584018468959e-01
4.790648431352353409e-01 5.209351568647647701e-01
1.632855642250576056e-01 8.367144357749424222e-01
4.801104911214914422e-02 9.519889508878510709e-01
1.986056446168583955e-01 8.013943553831417432e-01
3.550414237804875306e-01 6.449585762195124694e-01
8.782854452998802020e-02 9.121714554700122157e-01
1.106415116703608238e-02 9.889358488329641483e-01
1.014830351666590469e-01 8.985169648333407588e-01
1.332230800535252058e-01 8.667769199464748775e-01
3.647657032957097450e-02 9.635234296704289214e-01
3.946765169500303649e-01 6.053234830499697461e-01
3.562724427148832029e-02 9.643727557285116658e-01
8.040814936784531630e-01 1.959185063215469202e-01
1.080011240494744701e-01 8.919988759505255160e-01
9.360560018421131001e-02 9.063943998157887316e-01
2.810594488996556034e-02 9.718940551100342384e-01
4.173809199854233154e-01 5.826190800145765181e-01
5.814881032954551110e-02 9.418511896704546693e-01
6.792623207448159617e-01 3.207376792551839273e-01
1.013019339695032384e-01 8.986980660304965118e-01
6.542947049114568314e-02 9.345705295088544418e-01
1.150169324091529222e-01 8.849830675908469946e-01
6.388725698890815874e-01 3.611274301109185236e-01
1.303259651007867559e-01 8.696740348992132441e-01
6.857502266763797205e-02 9.314249773323620696e-01
1.844285821471826903e-01 8.155714178528172820e-01
3.595670884358054820e-01 6.404329115641943515e-01
8.669440888770102438e-01 1.330559111229896452e-01
6.519318815331839323e-01 3.480681184668160122e-01
7.803885975999960700e-02 9.219611402400004208e-01
9.270713604998073176e-01 7.292863950019266850e-02
4.929292901389146359e-02 9.507070709861082936e-01
7.617762522992745089e-02 9.238223747700725630e-01
9.475230110877825851e-01 5.247698891221731082e-02
1.709727305045286860e-01 8.290272694954712307e-01
4.887738827773474015e-01 5.112261172226526540e-01
5.824388496931097725e-01 4.175611503068902275e-01
1.528414416182459316e-02 9.847158558381752247e-01
4.011691958677804370e-01 5.988308041322196740e-01
7.295170652957711464e-03 9.927048293470424056e-01
1.311672057726923912e-01 8.688327942273076365e-01
3.159179943730753282e-01 6.840820056269246718e-01
1.326371846939075616e-01 8.673628153060927160e-01
7.640862283016959244e-01 2.359137716983042143e-01
6.435438041708022583e-01 3.564561958291976862e-01
5.832584621539659286e-01 4.167415378460341824e-01
5.853093137695267734e-01 4.146906862304732821e-01
1.032140550477112645e-02 9.896785944952286584e-01
8.460471078479957566e-03 9.915395289215199748e-01
4.274305064096049767e-02 9.572569493590394885e-01
4.732503281605017209e-01 5.267496718394981681e-01
1.328209136389187084e-01 8.671790863610812083e-01
3.019666816892708772e-01 6.980333183107291228e-01
8.631708659125066074e-02 9.136829134087492976e-01
6.700367265834941133e-01 3.299632734165058312e-01
6.598368127292786323e-01 3.401631872707214788e-01
7.030629077820359230e-02 9.296937092217963938e-01
1.670983099376611297e-02 9.832901690062340050e-01
2.288170818319259781e-01 7.711829181680740497e-01
9.999863994186158900e-01 1.360058138411667803e-05
2.452655294119294449e-01 7.547344705880705273e-01
5.000000000000000000e-01 5.000000000000000000e-01
8.274406002826243389e-01 1.725593997173757166e-01
3.095863114666620453e-01 6.904136885333381768e-01
1.615454032601315038e-01 8.384545967398686628e-01
8.782963053876825521e-01 1.217036946123172814e-01
5.315588777620902095e-01 4.684411222379099571e-01
2.048678291830056258e-02 9.795132170816993611e-01
6.186461734719337358e-01 3.813538265280663753e-01
3.312785652542222792e-01 6.687214347457778318e-01
9.420756674858112023e-02 9.057924332514188936e-01
5.758447771790932250e-03 9.942415522282089801e-01
6.626018080813338429e-01 3.373981919186659906e-01
2.062194519160482631e-01 7.937805480839518202e-01
1.825836515222299394e-01 8.174163484777698940e-01
9.329735589417478825e-02 9.067026441058252395e-01
2.615805285536554892e-01 7.384194714463444553e-01
2.633496561152848803e-01 7.366503438847151752e-01
4.800567839830767181e-01 5.199432160169232819e-01
2.223114972206852169e-01 7.776885027793148941e-01
3.617309119518734295e-02 9.638269088048126987e-01
3.216235380949381550e-01 6.783764619050616229e-01
3.687823274647198946e-01 6.312176725352800499e-01
3.608702321009727137e-03 9.963912976789902620e-01
7.502675719935921750e-01 2.497324280064076862e-01
3.651110938224735869e-01 6.348889061775262466e-01
5.758126841962357689e-01 4.241873158037640645e-01
1.573934207353741913e-02 9.842606579264627786e-01
7.256986893053912063e-03 9.927430131069461261e-01
5.681964971836545031e-01 4.318035028163453859e-01
2.026309151882619841e-01 7.973690848117379604e-01
2.756113535106666790e-01 7.243886464893330990e-01
2.030874564829499365e-02 9.796912543517051208e-01
1.957975825549223836e-01 8.042024174450778107e-01
6.688444337142185336e-01 3.311555662857814109e-01
1.457388461393021792e-02 9.854261153860697231e-01
1.112093438005701089e-02 9.888790656199429874e-01
6.185899682500258789e-01 3.814100317499741766e-01
7.853442576950165899e-01 2.146557423049833824e-01
4.720331940565632850e-02 9.527966805943436368e-01
6.235739417836424874e-03 9.937642605821634945e-01
2.974049711582567590e-01 7.025950288417429634e-01
6.202476512848169587e-01 3.797523487151831523e-01
3.326056082373753386e-01 6.673943917626247169e-01
2.132758319760259466e-02 9.786724168023973602e-01
1.069458837626454384e-01 8.930541162373546449e-01
4.121763243953661948e-02 9.587823675604633111e-01
9.982355205974228207e-01 1.764479402577218744e-03
5.842460121909367476e-01 4.157539878090630303e-01
4.089227429027354754e-02 9.591077257097264663e-01
4.734016814587609367e-01 5.265983185412390633e-01
3.719876381304250690e-01 6.280123618695750976e-01
6.736379372521315682e-03 9.932636206274787494e-01
5.014756625098417547e-02 9.498524337490158453e-01
2.511592481221847639e-01 7.488407518778151806e-01
3.509444939770285932e-01 6.490555060229714623e-01
3.815354839736297965e-01 6.184645160263700925e-01
2.283426158668424855e-01 7.716573841331574313e-01
3.557866007933095931e-01 6.442133992066904069e-01
7.391954330917490518e-03 9.926080456690825615e-01
7.601133711004368076e-02 9.239886628899566245e-01
2.484450256918023167e-02 9.751554974308199730e-01
3.529257471235415777e-01 6.470742528764582557e-01
6.152905236358059693e-02 9.384709476364194725e-01
1.656754965180891326e-02 9.834324503481910451e-01
2.836743730683897180e-01 7.163256269316102820e-01
1.569342158443532975e-01 8.430657841556465915e-01
5.258502510369199578e-01 4.741497489630800422e-01
2.994692424090490412e-01 7.005307575909510698e-01
5.820562311254197096e-01 4.179437688745802348e-01
5.507190389332301539e-01 4.492809610667699571e-01
4.360088560054736079e-02 9.563991143994526878e-01
5.677288629844293860e-03 9.943227113701557096e-01
2.524072836110000662e-01 7.475927163890001559e-01
2.683553318142944399e-01 7.316446681857056156e-01
5.098515637811033008e-01 4.901484362188965327e-01
6.547347900662333631e-01 3.452652099337667480e-01
1.439790129483444620e-02 9.856020987051656856e-01
2.821086492642209398e-02 9.717891350735781142e-01
8.802564246229714617e-02 9.119743575377028399e-01
2.211240916888309038e-01 7.788759083111689296e-01
3.491827045021606013e-01 6.508172954978393987e-01
6.384964599776535854e-01 3.615035400223462481e-01
4.239915833187546945e-01 5.760084166812452500e-01
1.899046962366880142e-01 8.100953037633121800e-01
1.024992922815212970e-07 9.999998975007077240e-01
9.389961488100044829e-01 6.100385118999548245e-02
6.901884235434299075e-01 3.098115764565702035e-01
5.182617214119339399e-01 4.817382785880661156e-01
7.830390174026068406e-01 2.169609825973929373e-01
2.865136172441141160e-01 7.134863827558859395e-01
2.441310485497060201e-01 7.558689514502939799e-01
5.285032925657861397e-02 9.471496707434213791e-01
7.811857742859597276e-02 9.218814225714041521e-01
2.317718722591773084e-01 7.682281277408228304e-01
2.787258856201471069e-01 7.212741143798527821e-01
1.062556206762879651e-02 9.893744379323711202e-01
1.926124350613859278e-08 9.999999807387563999e-01
7.874843354814335325e-03 9.921251566451856352e-01
4.298132828622532875e-01 5.701867171377467125e-01
8.104982654829214761e-01 1.895017345170786627e-01
6.354395867391042334e-03 9.936456041326089395e-01
3.806005057930243463e-01 6.193994942069757093e-01
1.539112588970717732e-01 8.460887411029280880e-01
3.567498455268554303e-02 9.643250154473145264e-01
4.775645454224004133e-03 9.952243545457760687e-01
6.300158411663640823e-02 9.369984158833635224e-01
6.132894728760639458e-01 3.867105271239360542e-01
2.247578813703763057e-01 7.752421186296237776e-01
2.104157953449774243e-01 7.895842046550225479e-01
5.232793748408784973e-01 4.767206251591216692e-01
2.655821347165275848e-01 7.344178652834724152e-01
5.735097312440042699e-02 9.426490268755995938e-01
5.308757040712984709e-01 4.691242959287015846e-01
5.546616975280646011e-01 4.453383024719354544e-01
1.442474611736558054e-01 8.557525388263441668e-01
8.491203078361290180e-01 1.508796921638708710e-01
2.073383688701837257e-01 7.926616311298162465e-01
5.687613495877276160e-01 4.312386504122723840e-01
5.659729521742912217e-01 4.340270478257088338e-01
2.838256284219939363e-01 7.161743715780061192e-01
6.902236639867538326e-01 3.097763360132461119e-01
6.072674939998418120e-01 3.927325060001581325e-01
2.922908399277410196e-01 7.077091600722590359e-01
7.236736740776177068e-02 9.276326325922380489e-01
2.673492186167812923e-01 7.326507813832183746e-01
1.640226042650683724e-01 8.359773957349316831e-01
1.625103739191781083e-01 8.374896260808217807e-01
6.592146443112584242e-01 3.407853556887414093e-01
1.645125396823132399e-02 9.835487460317685615e-01
5.682826390587359944e-01 4.317173609412641722e-01
5.234180499105675795e-03 9.947658195008943771e-01
2.406429680993162346e-01 7.593570319006837099e-01
8.190711624260252899e-01 1.809288375739746546e-01
8.344633761897651825e-02 9.165536623810235373e-01
4.259139630667130826e-03 9.957408603693329585e-01
5.000000000000000000e-01 5.000000000000000000e-01
8.672038319854469268e-01 1.327961680145531009e-01
2.703696943773014824e-02 9.729630305622698483e-01
